GameID,HomeScore,AwayScore,ScoreDiff,ScoreTotal
0020900078,87,72,15,159
0020900699,83,79,4,162
0020901162,89,108,19,197
0020900149,115,113,2,228
0020901090,110,103,7,213
0020900360,99,118,19,217
0020900134,80,74,6,154
0020900007,91,101,10,192
0020900759,97,104,7,201
0020900509,108,103,5,211
0020900214,99,102,3,201
0020900899,93,112,19,205
0020901207,104,96,8,200
0020900324,91,96,5,187
0020900793,109,102,7,211
0020900913,116,108,8,224
0020900314,85,95,10,180
0020901093,111,105,6,216
0020900093,102,90,12,192
0020900196,91,117,26,208
0020900683,108,106,2,214
0020900865,92,109,17,201
0020900144,101,93,8,194
0020900191,78,106,28,184
0020900371,86,104,18,190
0020901068,103,74,29,177
0020900402,102,98,4,200
0020900141,125,129,4,254
0020900077,88,96,8,184
0020901017,80,93,13,173
0020900292,101,86,15,187
0020901074,98,105,7,203
0020900783,85,108,23,193
0020900236,100,98,2,198
0020900194,88,104,16,192
0020900824,105,114,9,219
0020901188,102,115,13,217
0020900535,111,93,18,204
0020900997,94,99,5,193
0020900875,110,91,19,201
0020900143,95,90,5,185
0020900344,98,106,8,204
0020900725,109,97,12,206
0020900674,106,104,2,210
0020900301,88,94,6,182
0020901035,86,106,20,192
0020900029,98,111,13,209
0020900967,95,108,13,203
0020900995,124,121,3,245
0020900532,104,94,10,198
0020900671,90,105,15,195
0020900399,94,98,4,192
0020901039,102,89,13,191
0020900299,101,104,3,205
0020901226,113,131,18,244
0020900084,84,96,12,180
0020901043,109,93,16,202
0020900411,85,81,4,166
0020900686,97,104,7,201
0020900595,92,97,5,189
0020900560,93,92,1,185
0020900435,112,97,15,209
0020901007,97,108,11,205
0020900043,123,133,10,256
0020900562,94,108,14,202
0020900460,121,110,11,231
0020900361,108,101,7,209
0020900825,101,109,8,210
0020900960,87,97,10,184
0020900209,73,86,13,159
0020900962,82,111,29,193
0020901133,85,91,6,176
0020900156,101,87,14,188
0020900717,97,119,22,216
0020900571,76,92,16,168
0020900090,104,99,5,203
0020900859,126,118,8,244
0020900841,99,98,1,197
0020900377,94,107,13,201
0020900697,89,114,25,203
0020900129,86,78,8,164
0020900944,131,135,4,266
0020901186,83,77,6,160
0020900760,109,101,8,210
0020900394,96,102,6,198
0020900503,122,123,1,245
0020900479,111,122,11,233
0020900491,86,91,5,177
0020900398,95,102,7,197
0020900956,97,108,11,205
0020900781,103,94,9,197
0020901116,96,91,5,187
0020900235,95,111,16,206
0020900163,95,109,14,204
0020900316,77,101,24,178
0020900165,85,99,14,184
0020900937,83,86,3,169
0020901168,96,113,17,209
0020900270,96,114,18,210
0020900931,85,92,7,177
0020901140,98,87,11,185
0020900364,120,95,25,215
0020900700,102,117,15,219
0020901143,102,133,31,235
0020901048,99,115,16,214
0020901105,89,107,18,196
0020900787,104,95,9,199
0020900437,112,103,9,215
0020900917,96,102,6,198
0020900623,84,100,16,184
0020900370,89,98,9,187
0020900408,81,88,7,169
0020900312,95,117,22,212
0020900037,94,113,19,207
0020900323,106,93,13,199
0020900311,105,89,16,194
0020900278,89,98,9,187
0020900750,99,82,17,181
0020900140,87,97,10,184
0020901192,104,85,19,189
0020900198,105,116,11,221
0020901142,100,81,19,181
0020900404,109,91,18,200
0020900806,97,107,10,204
0020900264,85,92,7,177
0020900170,103,110,7,213
0020900517,93,97,4,190
0020900022,90,118,28,208
0020900266,106,117,11,223
0020900294,115,102,13,217
0020900811,101,107,6,208
0020900554,99,90,9,189
0020900596,94,91,3,185
0020900252,107,126,19,233
0020900965,100,95,5,195
0020901111,109,104,5,213
0020901223,103,98,5,201
0020900288,89,90,1,179
0020900521,89,91,2,180
0020900500,104,97,7,201
0020900291,97,106,9,203
0020900999,88,76,12,164
0020901069,99,93,6,192
0020900842,104,102,2,206
0020900386,112,107,5,219
0020900581,113,104,9,217
0020900172,93,108,15,201
0020900998,113,101,12,214
0020900055,104,96,8,200
0020900742,105,99,6,204
0020901041,92,99,7,191
0020900741,104,99,5,203
0020900637,107,97,10,204
0020900869,90,99,9,189
0020900727,97,99,2,196
0020900413,108,111,3,219
0020900523,99,103,4,202
0020900896,106,110,4,216
0020900612,94,93,1,187
0020900481,96,103,7,199
0020900066,103,102,1,205
0020900915,92,99,7,191
0020901055,104,109,5,213
0020901025,100,110,10,210
0020901063,101,86,15,187
0020901198,86,114,28,200
0020900429,101,106,5,207
0020901221,123,115,8,238
0020900071,99,113,14,212
0020900021,89,100,11,189
0020900238,130,97,33,227
0020901119,104,128,24,232
0020900900,90,117,27,207
0020900942,101,107,6,208
0020900342,102,89,13,191
0020900991,94,84,10,178
0020900406,98,105,7,203
0020900695,103,89,14,192
0020900199,98,112,14,210
0020900980,108,116,8,224
0020900171,90,83,7,173
0020900770,93,104,11,197
0020900733,87,96,9,183
0020900684,84,101,17,185
0020901126,88,93,5,181
0020900766,91,127,36,218
0020900389,90,95,5,185
0020900047,111,117,6,228
0020900558,82,94,12,176
0020900724,101,110,9,211
0020900045,110,118,8,228
0020900846,101,87,14,188
0020900798,98,90,8,188
0020900341,118,90,28,208
0020900230,125,128,3,253
0020900287,107,115,8,222
0020900218,83,93,10,176
0020901193,126,108,18,234
0020900702,91,112,21,203
0020901125,119,114,5,233
0020900115,102,108,6,210
0020901130,117,128,11,245
0020900955,115,104,11,219
0020900330,103,106,3,209
0020900188,84,106,22,190
0020900848,110,120,10,230
0020900670,97,92,5,189
0020900940,95,97,2,192
0020900569,96,83,13,179
0020900809,100,94,6,194
0020900031,94,80,14,174
0020901094,92,87,5,179
0020900441,80,114,34,194
0020900929,102,92,10,194
0020900279,105,87,18,192
0020901031,100,90,10,190
0020900495,98,85,13,183
0020900349,110,108,2,218
0020900092,81,88,7,169
0020900315,106,118,12,224
0020901019,115,89,26,204
0020900816,104,109,5,213
0020900466,98,116,18,214
0020900843,101,89,12,190
0020900237,92,108,16,200
0020900970,103,85,18,188
0020901029,98,84,14,182
0020900547,87,120,33,207
0020900026,104,87,17,191
0020900025,107,115,8,222
0020900216,104,118,14,222
0020900661,114,109,5,223
0020900888,126,105,21,231
0020900132,104,89,15,193
0020900575,104,110,6,214
0020900722,102,107,5,209
0020900192,104,96,8,200
0020900211,99,98,1,197
0020900353,95,115,20,210
0020900333,106,80,26,186
0020901040,79,104,25,183
0020900321,96,91,5,187
0020901127,109,94,15,203
0020900091,110,113,3,223
0020900273,114,107,7,221
0020900901,80,104,24,184
0020900698,91,86,5,177
0020900773,107,87,20,194
0020900745,91,95,4,186
0020900190,97,100,3,197
0020900348,93,102,9,195
0020901015,93,101,8,194
0020900797,127,99,28,226
0020900746,102,109,7,211
0020900620,97,104,7,201
0020900220,93,76,17,169
0020900310,90,86,4,176
0020900414,87,102,15,189
0020901095,94,73,21,167
0020900694,103,96,7,199
0020900457,99,117,18,216
0020901061,113,87,26,200
0020901051,102,85,17,187
0020900359,98,101,3,199
0020900882,99,119,20,218
0020901010,84,110,26,194
0020900179,102,104,2,206
0020900193,107,105,2,212
0020900739,114,102,12,216
0020901217,83,99,16,182
0020900994,89,112,23,201
0020900249,97,99,2,196
0020900329,92,104,12,196
0020901070,89,101,12,190
0020900033,79,90,11,169
0020901178,116,113,3,229
0020900452,95,84,11,179
0020900424,93,87,6,180
0020900169,81,87,6,168
0020900246,106,100,6,206
0020901172,94,116,22,210
0020900524,93,96,3,189
0020900048,113,96,17,209
0020901166,94,121,27,215
0020900167,91,104,13,195
0020901060,82,99,17,181
0020900573,101,102,1,203
0020900210,110,113,3,223
0020901018,102,106,4,208
0020900073,86,102,16,188
0020900168,94,99,5,193
0020900827,109,107,2,216
0020900820,125,115,10,240
0020900691,96,106,10,202
0020900685,100,104,4,204
0020901101,98,103,5,201
0020901088,103,108,5,211
0020900861,111,103,8,214
0020900719,103,106,3,209
0020900117,102,93,9,195
0020900229,92,84,8,176
0020900873,90,100,10,190
0020900889,116,92,24,208
0020900735,81,91,10,172
0020900397,102,95,7,197
0020900650,89,95,6,184
0020900006,106,120,14,226
0020900490,89,132,43,221
0020900327,113,96,17,209
0020900904,87,100,13,187
0020900480,97,86,11,183
0020900260,90,107,17,197
0020900416,70,80,10,150
0020900430,110,98,12,208
0020900139,88,94,6,182
0020900659,105,132,27,237
0020901096,121,103,18,224
0020900876,110,133,23,243
0020900912,111,114,3,225
0020901121,92,109,17,201
0020901103,111,93,18,204
0020901176,101,107,6,208
0020900203,107,108,1,215
0020900872,94,71,23,165
0020901062,79,93,14,172
0020900302,89,98,9,187
0020900963,110,105,5,215
0020900111,86,105,19,191
0020900765,93,81,12,174
0020900124,72,88,16,160
0020900633,116,109,7,225
0020900018,97,94,3,191
0020900009,93,115,22,208
0020900585,101,96,5,197
0020900786,86,99,13,185
0020900365,87,95,8,182
0020900863,93,89,4,182
0020900215,130,99,31,229
0020900506,79,88,9,167
0020900504,109,105,4,214
0020900086,86,76,10,162
0020900542,106,94,12,200
0020900382,116,108,8,224
0020900485,128,103,25,231
0020900157,93,106,13,199
0020900221,86,105,19,191
0020900208,81,116,35,197
0020900176,103,105,2,208
0020900835,105,100,5,205
0020900358,97,110,13,207
0020900584,99,125,26,224
0020901135,88,96,8,184
0020900761,97,119,22,216
0020900577,121,105,16,226
0020900768,109,99,10,208
0020900738,117,108,9,225
0020900470,94,97,3,191
0020900981,88,118,30,206
0020900959,87,96,9,183
0020901152,94,112,18,206
0020900451,99,103,4,202
0020901075,97,96,1,193
0020901123,105,96,9,201
0020900720,99,108,9,207
0020900060,100,122,22,222
0020900174,102,97,5,199
0020900075,94,97,3,191
0020900012,89,102,13,191
0020900363,107,106,1,213
0020900549,94,105,11,199
0020900492,108,105,3,213
0020900653,102,95,7,197
0020900747,102,95,7,197
0020900607,83,113,30,196
0020900656,115,124,9,239
0020901046,95,98,3,193
0020900906,109,112,3,221
0020900283,110,78,32,188
0020900433,89,101,12,190
0020900502,93,98,5,191
0020900076,110,103,7,213
0020901011,106,113,7,219
0020900587,90,94,4,184
0020901020,92,93,1,185
0020900101,105,146,41,251
0020900207,90,100,10,190
0020900642,94,127,33,221
0020901187,95,99,4,194
0020901091,94,97,3,191
0020900016,109,107,2,216
0020901047,106,100,6,206
0020900185,103,98,5,201
0020901215,100,106,6,206
0020900465,91,95,4,186
0020901199,111,98,13,209
0020900780,111,92,19,203
0020900709,92,104,12,196
0020900123,102,121,19,223
0020900788,87,109,22,196
0020900206,104,94,10,198
0020900421,104,124,20,228
0020900448,103,118,15,221
0020900794,99,108,9,207
0020900847,99,94,5,193
0020900175,113,120,7,233
0020901191,105,90,15,195
0020900053,105,74,31,179
0020900583,87,102,15,189
0020900445,84,94,10,178
0020900801,110,92,18,202
0020900258,99,110,11,209
0020900552,117,114,3,231
0020900422,117,113,4,230
0020900498,108,113,5,221
0020900718,97,103,6,200
0020900635,115,104,11,219
0020900961,90,113,23,203
0020900930,112,98,14,210
0020900135,104,113,9,217
0020900015,108,107,1,215
0020900898,99,122,23,221
0020900130,100,109,9,209
0020900672,106,95,11,201
0020900102,112,84,28,196
0020900023,91,83,8,174
0020900295,88,108,20,196
0020900173,105,95,10,200
0020901034,102,97,5,199
0020900567,108,120,12,228
0020901073,97,106,9,203
0020901204,111,97,14,208
0020900758,92,94,2,186
0020900340,107,130,23,237
0020900814,100,89,11,189
0020900385,83,92,9,175
0020900338,100,120,20,220
0020900822,89,99,10,188
0020900257,107,100,7,207
0020901028,96,104,8,200
0020901030,71,77,6,148
0020901032,107,123,16,230
0020900949,132,108,24,240
0020900990,100,114,14,214
0020900594,91,99,8,190
0020900024,96,83,13,179
0020901169,93,85,8,178
0020900634,79,111,32,190
0020901139,90,98,8,188
0020900453,110,98,12,208
0020900468,116,106,10,222
0020900632,115,105,10,220
0020900782,105,78,27,183
0020900681,97,111,14,208
0020900598,98,101,3,199
0020900059,97,91,6,188
0020900732,92,91,1,183
0020900682,81,79,2,160
0020901177,106,96,10,202
0020900858,127,112,15,239
0020900975,110,94,16,204
0020900334,97,98,1,195
0020901128,96,107,11,203
0020901201,106,116,10,222
0020900600,103,108,5,211
0020900614,107,113,6,220
0020900081,94,105,11,199
0020900985,91,104,13,195
0020900105,90,89,1,179
0020900639,97,93,4,190
0020900951,81,88,7,169
0020901146,99,109,10,208
0020900319,111,120,9,231
0020900705,97,81,16,178
0020900222,87,94,7,181
0020900515,94,117,23,211
0020900234,92,76,16,168
0020900630,84,86,2,170
0020900178,108,127,19,235
0020901080,97,102,5,199
0020900543,77,95,18,172
0020900268,102,85,17,187
0020900803,87,86,1,173
0020900789,95,92,3,187
0020901132,128,123,5,251
0020901000,108,84,24,192
0020901005,92,100,8,192
0020900969,112,119,7,231
0020901122,86,87,1,173
0020900922,114,122,8,236
0020901012,94,107,13,201
0020900438,127,132,5,259
0020900458,118,124,6,242
0020901213,93,101,8,194
0020900005,109,120,11,229
0020900784,85,118,33,203
0020900454,104,87,17,191
0020900439,95,102,7,197
0020900357,88,95,7,183
0020900200,98,122,24,220
0020900224,100,86,14,186
0020900785,109,95,14,204
0020900484,97,103,6,200
0020900030,101,123,22,224
0020901174,103,118,15,221
0020900087,90,93,3,183
0020900442,95,88,7,183
0020900679,91,100,9,191
0020901144,92,107,15,199
0020900649,109,98,11,207
0020900446,105,89,16,194
0020900644,103,112,9,215
0020900142,101,98,3,199
0020900476,108,109,1,217
0020901185,107,99,8,206
0020900666,99,93,6,192
0020900568,115,102,13,217
0020901196,91,88,3,179
0020901120,97,82,15,179
0020900833,83,67,16,150
0020901118,90,118,28,208
0020901211,117,107,10,224
0020900964,98,106,8,204
0020900953,102,87,15,189
0020901115,99,108,9,207
0020900463,95,104,9,199
0020900775,85,93,8,178
0020900065,92,90,2,182
0020900401,99,104,5,203
0020900817,121,118,3,239
0020900927,113,93,20,206
0020900751,104,95,9,199
0020900336,99,105,6,204
0020901109,98,101,3,199
0020900815,96,76,20,172
0020900668,88,91,3,179
0020900631,96,94,2,190
0020901134,87,115,28,202
0020900663,95,109,14,204
0020900293,94,98,4,192
0020900778,102,132,30,234
0020900883,80,96,16,176
0020901209,101,123,22,224
0020900729,86,102,16,188
0020900941,98,99,1,197
0020901078,75,91,16,166
0020900832,95,101,6,196
0020900483,95,99,4,194
0020901076,86,94,8,180
0020901087,90,97,7,187
0020900286,80,75,5,155
0020900472,86,87,1,173
0020900318,104,102,2,206
0020900658,115,103,12,218
0020900525,112,103,9,215
0020901089,84,94,10,178
0020900182,99,106,7,205
0020900072,83,103,20,186
0020900790,94,104,10,198
0020900551,89,118,29,207
0020900356,104,116,12,220
0020900923,91,102,11,193
0020900921,100,108,8,208
0020901117,102,119,17,221
0020900731,83,107,24,190
0020900395,104,122,18,226
0020901021,88,92,4,180
0020901161,95,99,4,194
0020900056,81,83,2,164
0020900280,87,96,9,183
0020900412,99,108,9,207
0020900400,84,81,3,165
0020900647,92,78,14,170
0020900675,94,96,2,190
0020900121,104,124,20,228
0020900343,115,90,25,205
0020900723,103,99,4,202
0020900186,88,96,8,184
0020900147,95,99,4,194
0020900737,101,94,7,195
0020900265,97,95,2,192
0020900409,108,121,13,229
0020900838,106,110,4,216
0020900247,96,112,16,208
0020900120,83,79,4,162
0020900036,85,96,11,181
0020900580,115,106,9,221
0020900559,114,122,8,236
0020900973,87,95,8,182
0020900507,89,119,30,208
0020900701,115,111,4,226
0020900354,96,87,9,183
0020900044,112,120,8,232
0020900362,108,92,16,200
0020900655,93,104,11,197
0020900881,89,85,4,174
0020900744,92,99,7,191
0020900557,109,88,21,197
0020901016,108,102,6,210
0020900112,75,98,23,173
0020900673,123,110,13,233
0020900049,116,127,11,243
0020900574,119,121,2,240
0020900085,100,125,25,225
0020901107,92,109,17,201
0020900749,106,116,10,222
0020900001,95,89,6,184
0020901110,92,114,22,206
0020900892,92,116,24,208
0020900860,118,116,2,234
0020900593,112,119,7,231
0020900461,92,117,25,209
0020901155,113,103,10,216
0020900894,104,108,4,212
0020901108,84,103,19,187
0020900601,97,90,7,187
0020900355,96,107,11,203
0020900807,91,85,6,176
0020901160,88,90,2,178
0020901141,113,117,4,230
0020900367,101,111,10,212
0020900978,125,108,17,233
0020900290,72,88,16,160
0020900079,107,90,17,197
0020900467,99,103,4,202
0020900231,120,95,25,215
0020900948,96,88,8,184
0020900870,112,125,13,237
0020900664,118,96,22,214
0020900274,87,101,14,188
0020900392,95,121,26,216
0020900864,93,100,7,193
0020900267,105,110,5,215
0020900320,91,107,16,198
0020900388,103,84,19,187
0020900862,111,115,4,226
0020901170,101,112,11,213
0020900035,107,111,4,218
0020900226,104,96,8,200
0020900008,59,92,33,151
0020900475,106,94,12,200
0020900938,108,102,6,210
0020900868,99,103,4,202
0020901171,108,109,1,217
0020900704,99,88,11,187
0020901081,96,132,36,228
0020901167,84,110,26,194
0020900772,97,77,20,174
0020900387,98,101,3,199
0020900545,92,96,4,188
0020900626,112,88,24,200
0020901148,113,107,6,220
0020900657,98,97,1,195
0020900715,90,82,8,172
0020900434,91,98,7,189
0020900976,99,112,13,211
0020900678,99,91,8,190
0020901227,97,98,1,195
0020900418,109,97,12,206
0020901071,96,107,11,203
0020900261,104,118,14,222
0020900854,93,102,9,195
0020900276,82,98,16,180
0020900109,94,108,14,202
0020900928,122,116,6,238
0020900155,112,130,18,242
0020900020,86,99,13,185
0020900603,118,125,7,243
0020900095,93,116,23,209
0020901180,97,88,9,185
0020900563,109,108,1,217
0020900757,89,101,12,190
0020900853,95,106,11,201
0020900125,112,90,22,202
0020900850,110,92,18,202
0020900272,109,107,2,216
0020900415,94,64,30,158
0020900696,90,89,1,179
0020901219,98,89,9,187
0020900548,88,106,18,194
0020901183,91,96,5,187
0020900621,87,93,6,180
0020900423,117,104,13,221
0020900561,111,87,24,198
0020900711,89,105,16,194
0020900643,110,116,6,226
0020901106,94,98,4,192
0020900805,94,106,12,200
0020900187,106,113,7,219
0020900384,110,102,8,212
0020900878,110,113,3,223
0020900874,120,109,11,229
0020900926,94,100,6,194
0020900153,102,110,8,212
0020901138,98,107,9,205
0020900907,84,81,3,165
0020901205,105,95,10,200
0020901026,74,76,2,150
0020901014,121,131,10,252
0020900734,114,107,7,221
0020900513,92,112,20,204
0020900428,96,107,11,203
0020900127,97,86,11,183
0020900313,97,96,1,193
0020900849,95,115,20,210
0020900493,96,131,35,227
0020900622,85,105,20,190
0020901131,92,106,14,198
0020900013,96,113,17,209
0020900116,107,84,23,191
0020900250,102,104,2,206
0020900296,93,83,10,176
0020900943,125,112,13,237
0020900911,105,96,9,201
0020900070,86,85,1,171
0020900219,97,111,14,208
0020900455,95,104,9,199
0020900010,96,74,22,170
0020900804,93,110,17,203
0020900145,100,101,1,201
0020900304,109,111,2,220
0020900660,107,108,1,215
0020901054,98,83,15,181
0020900431,98,93,5,191
0020900097,88,104,16,192
0020900592,88,110,22,198
0020900989,98,109,11,207
0020900405,76,88,12,164
0020901165,98,94,4,192
0020900971,102,95,7,197
0020900474,112,108,4,220
0020900166,97,84,13,181
0020900212,98,88,10,186
0020900879,89,95,6,184
0020900309,102,91,11,193
0020900528,97,99,2,196
0020900728,105,118,13,223
0020900599,95,106,11,201
0020900743,106,113,7,219
0020900555,102,104,2,206
0020900710,79,98,19,177
0020900038,93,84,9,177
0020900478,107,97,10,204
0020901151,124,103,21,227
0020900610,98,109,11,207
0020900533,96,110,14,206
0020900829,104,108,4,212
0020901002,87,97,10,184
0020901195,98,92,6,190
0020900914,83,98,15,181
0020900494,75,92,17,167
0020901149,100,109,9,209
0020900337,94,102,8,196
0020900014,105,114,9,219
0020900254,106,102,4,208
0020900526,109,105,4,214
0020900693,84,95,11,179
0020901181,116,127,11,243
0020900540,84,94,10,178
0020900984,93,104,11,197
0020901158,105,113,8,218
0020900856,112,110,2,222
0020900546,102,96,6,198
0020900106,93,79,14,172
0020900459,101,106,5,207
0020900646,128,78,50,206
0020900052,111,93,18,204
0020900669,96,86,10,182
0020900910,127,101,26,228
0020900181,94,108,14,202
0020900213,124,111,13,235
0020900713,82,99,17,181
0020901203,107,105,2,212
0020900488,99,91,8,190
0020900351,87,94,7,181
0020901065,104,122,18,226
0020900578,112,104,8,216
0020900736,101,83,18,184
0020900855,91,97,6,188
0020900432,85,96,11,181
0020901145,113,112,1,225
0020900390,96,95,1,191
0020900823,95,101,6,196
0020900113,82,79,3,161
0020901097,103,101,2,204
0020900726,115,113,2,228
0020900469,98,87,11,185
0020900303,103,101,2,204
0020900152,91,83,8,174
0020900740,126,113,13,239
0020900902,111,92,19,203
0020901179,106,99,7,205
0020901189,105,95,10,200
0020900449,104,93,11,197
0020901210,95,103,8,198
0020900331,114,113,1,227
0020901218,106,95,11,201
0020900159,110,103,7,213
0020900298,88,104,16,192
0020900629,105,93,12,198
0020901220,89,96,7,185
0020900924,104,87,17,191
0020901113,116,105,11,221
0020900271,111,109,2,220
0020900996,108,100,8,208
0020900597,103,105,2,208
0020900328,85,104,19,189
0020900845,92,98,6,190
0020900011,93,95,2,188
0020900919,122,127,5,249
0020900756,127,117,10,244
0020900887,93,124,31,217
0020900712,115,130,15,245
0020901050,97,110,13,207
0020901022,92,85,7,177
0020901079,87,74,13,161
0020900058,85,96,11,181
0020901124,95,87,8,182
0020900098,119,115,4,234
0020900572,86,98,12,184
0020900582,86,126,40,212
0020900986,96,89,7,185
0020900306,101,102,1,203
0020900243,114,102,12,216
0020900604,99,90,9,189
0020900227,113,92,21,205
0020900511,107,101,6,208
0020900393,92,98,6,190
0020900531,81,113,32,194
0020900505,113,109,4,222
0020901072,106,122,16,228
0020901224,105,114,9,219
0020901064,105,92,13,197
0020901023,94,87,7,181
0020900839,91,88,3,179
0020900201,87,91,4,178
0020900611,98,90,8,188
0020900028,92,97,5,189
0020900104,76,90,14,166
0020900128,89,77,12,166
0020900183,98,91,7,189
0020900837,95,105,10,200
0020900703,104,112,8,216
0020900796,115,109,6,224
0020900857,108,88,20,196
0020900118,79,104,25,183
0020900277,91,97,6,188
0020900527,98,107,9,205
0020900852,96,101,5,197
0020900420,98,94,4,192
0020900652,94,99,5,193
0020901004,106,99,7,205
0020900245,89,97,8,186
0020900522,109,116,7,225
0020900564,100,95,5,195
0020901208,111,133,22,244
0020900619,123,118,5,241
0020900054,80,85,5,165
0020900753,104,115,11,219
0020900017,85,92,7,177
0020900972,102,104,2,206
0020901100,93,109,16,202
0020900425,86,77,9,163
0020900880,102,106,4,208
0020900027,95,85,10,180
0020900062,93,89,4,182
0020900987,111,119,8,230
0020900624,81,92,11,173
0020900613,86,92,6,178
0020901197,104,88,16,192
0020900368,109,112,3,221
0020900589,80,98,18,178
0020900322,111,89,22,200
0020900374,83,96,13,179
0020900851,87,95,8,182
0020900550,101,105,4,206
0020901163,116,107,9,223
0020900069,105,113,8,218
0020901036,116,112,4,228
0020900307,97,86,11,183
0020900608,97,108,11,205
0020900774,93,92,1,185
0020900512,97,92,5,189
0020900680,92,65,27,157
0020900813,80,88,8,168
0020900605,92,98,6,190
0020900189,93,112,19,205
0020900034,141,127,14,268
0020900373,95,118,23,213
0020900508,98,121,23,219
0020901033,102,93,9,195
0020900893,85,101,16,186
0020901038,114,119,5,233
0020900099,95,93,2,188
0020900281,107,108,1,215
0020900376,82,85,3,167
0020900616,111,113,2,224
0020900335,101,108,7,209
0020900792,91,116,25,207
0020901104,111,105,6,216
0020900748,81,93,12,174
0020900050,90,93,3,183
0020900154,111,105,6,216
0020900799,97,107,10,204
0020900262,102,104,2,206
0020901003,114,152,38,266
0020900122,111,104,7,215
0020900061,99,110,11,209
0020900232,106,96,10,202
0020900677,94,73,21,167
0020900074,103,110,7,213
0020901230,100,86,14,186
0020900844,110,102,8,212
0020900137,103,107,4,210
0020900133,98,121,23,219
0020900791,90,87,3,177
0020900202,112,123,11,235
0020900217,111,126,15,237
0020901077,110,118,8,228
0020900051,90,102,12,192
0020900002,102,91,11,193
0020900346,110,105,5,215
0020900096,107,120,13,227
0020900285,106,99,7,205
0020900396,93,81,12,174
0020900114,114,101,13,215
0020900905,104,100,4,204
0020901175,95,90,5,185
0020900966,103,122,19,225
0020900158,90,105,15,195
0020901044,99,89,10,188
0020901053,95,86,9,181
0020900426,102,87,15,189
0020900721,85,107,22,192
0020901092,97,103,6,200
0020900828,94,102,8,196
0020900244,100,91,9,191
0020900834,82,91,9,173
0020900443,104,96,8,200
0020900627,89,103,14,192
0020900380,91,95,4,186
0020900378,96,112,16,208
0020900641,104,97,7,201
0020901157,95,86,9,181
0020901027,114,108,6,222
0020900993,123,125,2,248
0020900654,98,93,5,191
0020900648,105,106,1,211
0020900164,91,106,15,197
0020900248,87,106,19,193
0020900482,93,101,8,194
0020900383,118,109,9,227
0020900450,101,106,5,207
0020900903,104,128,24,232
0020900263,117,101,16,218
0020900275,96,105,9,201
0020900253,108,90,18,198
0020900918,102,74,28,176
0020900708,109,112,3,221
0020901112,98,81,17,179
0020900566,97,115,18,212
0020900590,95,112,17,207
0020900895,105,100,5,205
0020901082,103,87,16,190
0020900039,125,116,9,241
0020900544,101,105,4,206
0020900819,91,97,6,188
0020900625,96,101,5,197
0020901049,99,96,3,195
0020901159,115,104,11,219
0020900177,83,78,5,161
0020901200,117,120,3,237
0020900776,108,101,7,209
0020900771,103,97,6,200
0020900040,87,97,10,184
0020900068,113,105,8,218
0020901009,97,109,12,206
0020900992,93,119,26,212
0020900233,96,109,13,205
0020900225,103,116,13,219
0020900934,114,101,13,215
0020900983,94,98,4,192
0020900350,95,97,2,192
0020901182,114,103,11,217
0020900831,93,89,4,182
0020900131,79,105,26,184
0020900952,107,109,2,216
0020900297,84,93,9,177
0020901212,117,94,23,211
0020900150,108,114,6,222
0020901216,101,123,22,224
0020900372,102,105,3,207
0020900136,106,103,3,209
0020900640,84,115,31,199
0020900259,115,146,31,261
0020901098,84,90,6,174
0020900486,105,95,10,200
0020901001,97,104,7,201
0020900427,93,124,31,217
0020900779,106,115,9,221
0020900019,100,102,2,202
0020900407,94,103,9,197
0020900909,79,102,23,181
0020900871,104,96,8,200
0020900447,111,116,5,227
0020900812,95,85,10,180
0020900160,94,108,14,202
0020900197,85,101,16,186
0020900935,94,96,2,190
0020900576,110,135,25,245
0020900082,118,90,28,208
0020900885,100,108,8,208
0020900763,118,114,4,232
0020900615,94,92,2,186
0020900080,100,91,9,191
0020900255,99,126,27,225
0020901052,133,131,2,264
0020901164,104,103,1,207
0020900665,103,111,8,214
0020901102,95,102,7,197
0020900795,87,84,3,171
0020900866,104,109,5,213
0020900379,92,98,6,190
0020900403,87,103,16,190
0020900108,98,101,3,199
0020900534,102,108,6,210
0020900530,87,89,2,176
0020900939,106,118,12,224
0020901083,83,106,23,189
0020900840,102,93,9,195
0020900707,109,100,9,209
0020901008,105,106,1,211
0020900541,85,97,12,182
0020900205,87,101,14,188
0020900565,114,120,6,234
0020900100,124,131,7,255
0020900690,109,102,7,211
0020900890,103,93,10,196
0020900520,85,93,8,178
0020900242,92,85,7,177
0020900688,121,110,11,231
0020900204,111,103,8,214
0020901194,104,107,3,211
0020901225,111,125,14,236
0020900536,96,105,9,201
0020900103,93,81,12,174
0020901154,79,74,5,153
0020901228,91,107,16,198
0020900251,93,120,27,213
0020900289,126,118,8,244
0020900042,83,74,9,157
0020900256,107,135,28,242
0020900269,90,83,7,173
0020900519,97,104,7,201
0020900636,106,95,11,201
0020900064,101,89,12,190
0020900586,86,96,10,182
0020900284,101,108,7,209
0020901190,120,101,19,221
0020901114,106,102,4,208
0020900347,90,94,4,184
0020900946,96,107,11,203
0020900151,100,87,13,187
0020901229,122,116,6,238
0020900954,111,91,20,202
0020900982,112,124,12,236
0020900300,95,107,12,202
0020900345,101,117,16,218
0020901137,121,116,5,237
0020900687,94,101,7,195
0020900518,108,106,2,214
0020900933,85,107,22,192
0020900606,100,108,8,208
0020901059,95,108,13,203
0020900436,76,97,21,173
0020900419,102,108,6,210
0020900003,87,96,9,183
0020900032,104,123,19,227
0020900063,122,94,28,216
0020900556,85,105,20,190
0020900462,103,107,4,210
0020900352,89,99,10,188
0020900836,94,98,4,192
0020900945,78,83,5,161
0020900195,101,102,1,203
0020900538,114,107,7,221
0020900332,95,104,9,199
0020900884,92,97,5,189
0020900501,98,76,22,174
0020900162,91,108,17,199
0020900110,89,99,10,188
0020900692,114,112,2,226
0020901085,109,101,8,210
0020900107,103,121,18,224
0020901153,101,104,3,205
0020900818,90,122,32,212
0020900240,88,98,10,186
0020900802,118,116,2,234
0020900325,99,104,5,203
0020900089,87,102,15,189
0020901214,103,94,9,197
0020900228,90,108,18,198
0020900638,99,100,1,199
0020900755,117,123,6,240
0020901202,118,98,20,216
0020900676,106,112,6,218
0020900800,98,130,32,228
0020901086,111,90,21,201
0020900529,101,108,7,209
0020900617,94,118,24,212
0020900094,74,102,28,176
0020900662,96,99,3,195
0020900908,90,119,29,209
0020900057,101,98,3,199
0020900366,100,86,14,186
0020900305,94,96,2,190
0020901066,92,83,9,175
0020900925,90,101,11,191
0020900609,65,104,39,169
0020901024,116,147,31,263
0020900282,105,106,1,211
0020900920,97,87,10,184
0020900088,101,129,28,230
0020900046,68,79,11,147
0020900645,83,116,33,199
0020900579,98,99,1,197
0020901147,108,116,8,224
0020900867,102,107,5,209
0020900239,88,94,6,182
0020900146,101,91,10,192
0020901045,88,98,10,186
0020900184,91,97,6,188
0020900126,121,107,14,228
0020900808,100,87,13,187
0020900957,110,102,8,212
0020900689,86,104,18,190
0020900979,128,94,34,222
0020900391,99,100,1,199
0020900714,97,93,4,190
0020900968,87,101,14,188
0020900752,98,81,17,179
0020900810,106,89,17,195
0020900241,113,94,19,207
0020900974,102,96,6,198
0020900161,84,86,2,170
0020901099,100,108,8,208
0020900618,105,98,7,203
0020901173,96,98,2,194
0020901057,84,86,2,170
0020900148,91,97,6,188
0020900730,93,96,3,189
0020900339,88,101,13,189
0020900514,110,118,8,228
0020900769,94,76,18,170
0020900988,106,120,14,226
0020900553,94,102,8,196
0020901084,112,101,11,213
0020901058,99,113,14,212
0020900897,107,113,6,220
0020900477,94,86,8,180
0020900308,83,118,35,201
0020900444,90,92,2,182
0020900119,83,92,9,175
0020900977,109,95,14,204
0020900317,99,101,2,200
0020900826,104,94,10,198
0020900041,87,95,8,182
0020900932,105,113,8,218
0020900947,87,113,26,200
0020900456,100,108,8,208
0020900537,100,102,2,202
0020900777,96,81,15,177
0020900067,107,114,7,221
0020900326,102,94,8,196
0020900588,86,92,6,178
0020900496,91,87,4,178
0020900499,90,97,7,187
0020900767,89,77,12,166
0020900950,84,86,2,170
0020901013,100,122,22,222
0020900464,107,103,4,210
0020900936,107,110,3,217
0020901067,110,128,18,238
0020900877,88,95,7,183
0020900716,99,106,7,205
0020900471,78,108,30,186
0020900180,88,95,7,183
0020900138,80,81,1,161
0020900821,88,93,5,181
0020900516,91,102,11,193
0020901136,97,84,13,181
0020901156,139,140,1,279
0020900417,103,99,4,202
0020900369,103,91,12,194
0020900570,96,97,1,193
0020901129,100,112,12,212
0020900497,95,105,10,200
0020900487,89,105,16,194
0020900440,83,108,25,191
0020900375,98,97,1,195
0020900886,89,84,5,173
0020900651,92,91,1,183
0020900489,91,88,3,179
0020900754,96,89,7,185
0020901042,87,93,6,180
0020900083,98,114,16,212
0020901206,103,114,11,217
0020900473,88,104,16,192
0020900381,98,109,11,207
0020901006,94,99,5,193
0020900591,102,101,1,203
0020900410,112,87,25,199
0020900510,112,106,6,218
0020900891,106,92,14,198
0020900762,66,99,33,165
0020901056,96,106,10,202
0020901222,86,94,8,180
0020900223,94,84,10,178
0020900916,96,86,10,182
0020901184,90,97,7,187
0020900830,88,104,16,192
0020900667,87,103,16,190
0020900004,92,99,7,191
0020900958,83,98,15,181
0020900602,97,114,17,211
0020900764,108,94,14,202
0020900628,95,98,3,193
0020901150,101,113,12,214
0020900706,93,95,2,188
0020901037,101,121,20,222
0020900539,115,110,5,225
0021000492,92,98,6,190
0021000854,87,98,11,185
0021001094,84,102,18,186
0021000057,75,101,26,176
0021001008,95,100,5,195
0021001129,98,111,13,209
0021000783,92,86,6,178
0021001128,114,119,5,233
0021000412,80,106,26,186
0021000891,90,100,10,190
0021000625,111,126,15,237
0021000908,89,113,24,202
0021000359,95,108,13,203
0021000580,93,83,10,176
0021001032,89,85,4,174
0021001018,82,85,3,167
0021000560,57,112,55,169
0021000765,104,92,12,196
0021001065,119,127,8,246
0021000527,77,97,20,174
0021000795,95,83,12,178
0021000297,109,114,5,223
0021000077,104,111,7,215
0021000213,95,104,9,199
0021000344,120,116,4,236
0021000119,90,120,30,210
0021000080,91,88,3,179
0021000061,108,125,17,233
0021000443,80,94,14,174
0021000036,89,109,20,198
0021000102,93,91,2,184
0021000939,89,83,6,172
0021000069,90,105,15,195
0021000525,90,87,3,177
0021000695,87,103,16,190
0021001211,127,135,8,262
0021001083,88,100,12,188
0021001039,108,99,9,207
0021000133,100,109,9,209
0021000032,107,104,3,211
0021000253,88,109,21,197
0021000893,99,105,6,204
0021000453,100,99,1,199
0021000014,88,110,22,198
0021000242,96,78,18,174
0021000642,74,75,1,149
0021000430,101,123,22,224
0021000688,117,124,7,241
0021000927,95,112,17,207
0021001026,97,108,11,205
0021001133,106,113,7,219
0021000733,109,97,12,206
0021000327,102,101,1,203
0021000982,96,91,5,187
0021000120,112,118,6,230
0021000609,102,113,11,215
0021000424,80,84,4,164
0021000942,109,131,22,240
0021000435,96,80,16,176
0021000977,82,91,9,173
0021000885,91,89,2,180
0021000091,97,102,5,199
0021000847,124,119,5,243
0021001136,92,99,7,191
0021001010,104,119,15,223
0021000809,108,116,8,224
0021001153,105,107,2,212
0021000382,113,91,22,204
0021000751,113,100,13,213
0021001222,92,97,5,189
0021001114,91,95,4,186
0021000095,95,91,4,186
0021000052,90,76,14,166
0021000046,97,88,9,185
0021000249,95,92,3,187
0021000756,103,117,14,220
0021000334,99,109,10,208
0021000298,84,109,25,193
0021000208,91,98,7,189
0021000076,118,123,5,241
0021000471,98,100,2,198
0021000859,89,93,4,182
0021001195,112,101,11,213
0021000127,89,103,14,192
0021000607,100,109,9,209
0021000838,101,114,13,215
0021000519,103,100,3,203
0021000851,113,118,5,231
0021000921,108,116,8,224
0021000008,119,104,15,223
0021000068,94,90,4,184
0021000134,96,103,7,199
0021000247,98,99,1,197
0021000173,96,106,10,202
0021000086,107,109,2,216
0021000346,97,103,6,200
0021000386,109,88,21,197
0021000506,115,128,13,243
0021000277,79,83,4,162
0021001208,90,78,12,168
0021001002,101,104,3,205
0021000588,88,81,7,169
0021000496,85,100,15,185
0021000630,72,112,40,184
0021001053,137,139,2,276
0021000084,121,124,3,245
0021000994,82,105,23,187
0021000812,89,109,20,198
0021000460,82,97,15,179
0021000062,112,110,2,222
0021000343,93,62,31,155
0021000793,113,96,17,209
0021000890,105,77,28,182
0021000740,101,97,4,198
0021000223,100,111,11,211
0021000568,118,112,6,230
0021000214,84,105,21,189
0021000033,100,95,5,195
0021000612,83,82,1,165
0021000539,109,112,3,221
0021000955,110,105,5,215
0021000754,79,97,18,176
0021001228,103,110,7,213
0021000470,123,110,13,233
0021000389,87,103,16,190
0021000702,109,96,13,205
0021000365,94,111,17,205
0021000190,124,115,9,239
0021000763,103,109,6,212
0021000802,103,97,6,200
0021000523,99,95,4,194
0021000868,95,81,14,176
0021000175,87,95,8,182
0021000331,123,116,7,239
0021000605,107,114,7,221
0021000984,101,131,30,232
0021000188,103,107,4,210
0021000041,99,83,16,182
0021000341,84,83,1,167
0021000266,107,78,29,185
0021000049,109,86,23,195
0021001009,78,94,16,172
0021001050,90,123,33,213
0021000844,107,120,13,227
0021000571,115,110,5,225
0021000137,72,79,7,151
0021000251,89,95,6,184
0021000458,77,90,13,167
0021001074,96,99,3,195
0021000490,86,104,18,190
0021000161,103,90,13,193
0021001166,104,96,8,200
0021001040,108,110,2,218
0021000871,95,108,13,203
0021001089,119,125,6,244
0021000257,100,111,11,211
0021000463,92,101,9,193
0021000107,94,99,5,193
0021000220,96,116,20,212
0021000563,104,101,3,205
0021000478,86,95,9,181
0021001212,120,112,8,232
0021000259,107,98,9,205
0021000629,74,89,15,163
0021001191,102,111,9,213
0021000841,97,117,20,214
0021000391,102,107,5,209
0021000401,82,89,7,171
0021001076,94,114,20,208
0021000444,95,89,6,184
0021000895,110,116,6,226
0021000597,97,110,13,207
0021000522,93,106,13,199
0021000716,86,99,13,185
0021001172,104,96,8,200
0021000835,96,103,7,199
0021000533,121,96,25,217
0021000493,107,98,9,205
0021000986,95,90,5,185
0021000047,100,88,12,188
0021000952,110,113,3,223
0021000640,87,86,1,173
0021001011,97,93,4,190
0021000468,93,114,21,207
0021000179,88,83,5,171
0021000704,99,110,11,209
0021000073,105,110,5,215
0021000637,107,97,10,204
0021001206,110,101,9,211
0021000464,90,104,14,194
0021000082,89,101,12,190
0021000619,89,104,15,193
0021001229,103,106,3,209
0021000616,82,86,4,168
0021000963,106,102,4,208
0021000741,105,112,7,217
0021000504,97,102,5,199
0021000611,93,89,4,182
0021001091,85,82,3,167
0021000028,91,90,1,181
0021001218,93,100,7,193
0021000400,88,99,11,187
0021000204,101,107,6,208
0021001061,94,106,12,200
0021000585,112,122,10,234
0021000074,113,103,10,216
0021000029,91,109,18,200
0021000790,102,96,6,198
0021001029,92,100,8,192
0021000888,90,83,7,173
0021000316,89,105,16,194
0021000991,79,88,9,167
0021000209,99,95,4,194
0021001111,116,120,4,236
0021000753,90,101,11,191
0021000529,95,110,15,205
0021000425,98,112,14,210
0021000293,105,103,2,208
0021000579,94,99,5,193
0021000700,88,103,15,191
0021000059,107,99,8,206
0021000357,73,86,13,159
0021001054,111,88,23,199
0021000396,95,86,9,181
0021000772,112,108,4,220
0021000746,99,92,7,191
0021000948,95,85,10,180
0021000090,118,114,4,232
0021000925,136,137,1,273
0021000158,96,123,27,219
0021001090,104,111,7,215
0021000225,89,103,14,192
0021000689,100,108,8,208
0021000191,101,102,1,203
0021001194,77,100,23,177
0021000652,107,121,14,228
0021000168,80,107,27,187
0021000399,95,96,1,191
0021001173,87,95,8,182
0021000737,110,92,18,202
0021001225,110,106,4,216
0021000965,109,127,18,236
0021000304,114,121,7,235
0021000511,83,108,25,191
0021001101,90,102,12,192
0021000230,108,116,8,224
0021000557,107,96,11,203
0021001213,103,90,13,193
0021000743,113,100,13,213
0021000788,99,93,6,192
0021000246,96,98,2,194
0021001096,86,87,1,173
0021000502,77,84,7,161
0021000973,94,104,10,198
0021000475,89,100,11,189
0021000499,96,82,14,178
0021001064,112,115,3,227
0021000494,93,79,14,172
0021000831,100,116,16,216
0021000495,104,95,9,199
0021000367,109,94,15,203
0021000773,103,94,9,197
0021000040,101,78,23,179
0021000516,103,105,2,208
0021000878,99,92,7,191
0021000601,92,96,4,188
0021001182,103,112,9,215
0021000236,86,92,6,178
0021000193,75,71,4,146
0021000850,94,117,23,211
0021000017,83,112,29,195
0021000480,105,114,9,219
0021000268,86,100,14,186
0021000177,101,108,7,209
0021000455,110,95,15,205
0021000967,92,97,5,189
0021000174,86,89,3,175
0021000446,104,88,16,192
0021000747,111,105,6,216
0021001059,111,99,12,210
0021000774,103,104,1,207
0021000920,98,91,7,189
0021000483,98,102,4,200
0021000368,118,116,2,234
0021000600,96,84,12,180
0021000070,123,116,7,239
0021000992,116,89,27,205
0021000610,94,101,7,195
0021000383,93,81,12,174
0021001055,98,94,4,192
0021000101,113,144,31,257
0021000876,108,123,15,231
0021000182,105,123,18,228
0021000995,114,103,11,217
0021000113,122,117,5,239
0021001216,102,112,10,214
0021000271,88,110,22,198
0021000026,85,96,11,181
0021000758,89,94,5,183
0021000622,107,112,5,219
0021000007,98,93,5,191
0021001105,82,85,3,167
0021000989,106,93,13,199
0021000301,91,100,9,191
0021000943,77,85,8,162
0021000245,109,97,12,206
0021000694,93,107,14,200
0021000421,84,98,14,182
0021000981,103,115,12,218
0021000010,91,95,4,186
0021000184,98,93,5,191
0021000650,92,97,5,189
0021000789,71,77,6,148
0021000551,82,96,14,178
0021001072,99,111,12,210
0021000810,113,108,5,221
0021000380,113,112,1,225
0021000369,91,105,14,196
0021001028,98,106,8,204
0021001132,96,85,11,181
0021001198,110,109,1,219
0021000566,91,84,7,175
0021000671,109,100,9,209
0021000454,95,110,15,205
0021000305,90,99,9,189
0021000419,117,109,8,226
0021000968,98,102,4,200
0021000035,91,101,10,192
0021001156,94,97,3,191
0021001056,100,105,5,205
0021000352,77,106,29,183
0021000072,91,112,21,203
0021000121,90,86,4,176
0021000486,107,114,7,221
0021000918,103,107,4,210
0021000340,106,84,22,190
0021000280,92,104,12,196
0021000778,85,100,15,185
0021000508,105,110,5,215
0021000142,104,96,8,200
0021000034,86,99,13,185
0021000583,99,121,22,220
0021000117,98,89,9,187
0021000787,105,116,11,221
0021000668,111,96,15,207
0021001041,95,93,2,188
0021000509,81,84,3,165
0021000586,88,100,12,188
0021000079,103,108,5,211
0021000254,106,87,19,193
0021000451,93,100,7,193
0021000623,94,90,4,184
0021001078,96,98,2,194
0021000081,107,102,5,209
0021000738,100,101,1,201
0021000087,84,97,13,181
0021000416,105,99,6,204
0021000289,91,109,18,200
0021000013,109,122,13,231
0021000903,109,99,10,208
0021000110,101,96,5,197
0021000870,95,79,16,174
0021000195,99,76,23,175
0021000199,97,106,9,203
0021000690,71,88,17,159
0021000638,112,119,7,231
0021000799,107,87,20,194
0021001099,100,92,8,192
0021000951,105,96,9,201
0021001042,73,101,28,174
0021000001,80,88,8,168
0021000976,85,118,33,203
0021000398,113,115,2,228
0021001098,97,85,12,182
0021000755,105,86,19,191
0021000093,92,83,9,175
0021001187,86,93,7,179
0021000141,117,104,13,221
0021000039,99,90,9,189
0021000198,123,116,7,239
0021000593,108,99,9,207
0021000309,101,116,15,217
0021001106,97,98,1,195
0021000442,86,93,7,179
0021001192,106,130,24,236
0021001119,82,110,28,192
0021001190,101,108,7,209
0021000155,118,107,11,225
0021000311,97,117,20,214
0021000705,106,124,18,230
0021000274,107,101,6,208
0021001088,99,83,16,182
0021000234,99,90,9,189
0021000159,94,86,8,180
0021000465,92,104,12,196
0021000786,94,89,5,183
0021000356,73,92,19,165
0021000163,97,99,2,196
0021000112,95,87,8,182
0021001138,97,114,17,211
0021000434,78,86,8,164
0021000053,105,124,19,229
0021001069,85,95,10,180
0021000685,117,103,14,220
0021000664,95,112,17,207
0021000953,101,84,17,185
0021000594,99,127,28,226
0021000150,110,96,14,206
0021000654,103,96,7,199
0021000562,89,102,13,191
0021000283,101,107,6,208
0021000229,97,98,1,195
0021000985,95,75,20,170
0021000517,108,105,3,213
0021001023,97,91,6,188
0021000608,106,109,3,215
0021000602,84,93,9,177
0021000544,112,118,6,230
0021000653,101,103,2,204
0021000767,85,101,16,186
0021000546,91,94,3,185
0021001220,104,100,4,204
0021000534,98,116,18,214
0021001223,89,121,32,210
0021000292,85,96,11,181
0021000347,95,110,15,205
0021001066,96,104,8,200
0021001177,116,93,23,209
0021000054,85,94,9,179
0021000518,110,103,7,213
0021000636,92,101,9,193
0021000814,94,79,15,173
0021000286,93,81,12,174
0021001152,72,78,6,150
0021000798,118,94,24,212
0021001095,91,83,8,174
0021000912,99,96,3,195
0021000712,92,102,10,194
0021000938,104,103,1,207
0021000824,76,101,25,177
0021000044,98,110,12,208
0021000406,81,91,10,172
0021000075,93,96,3,189
0021000477,96,95,1,191
0021000178,94,82,12,176
0021000362,103,89,14,192
0021000843,88,111,23,199
0021000004,87,95,8,182
0021001043,80,84,4,164
0021000243,125,116,9,241
0021000123,110,106,4,216
0021000290,116,119,3,235
0021000009,117,116,1,233
0021001174,81,97,16,178
0021000565,107,99,8,206
0021001121,77,89,12,166
0021000696,91,102,11,193
0021000450,103,93,10,196
0021000524,102,122,20,224
0021000321,74,93,19,167
0021000660,89,91,2,180
0021000374,105,117,12,222
0021001170,108,112,4,220
0021000206,107,110,3,217
0021001068,110,93,17,203
0021001149,97,90,7,187
0021001110,123,107,16,230
0021000815,78,102,24,180
0021000467,103,88,15,191
0021000393,95,94,1,189
0021000701,108,103,5,211
0021001013,104,94,10,198
0021001193,102,99,3,201
0021000634,109,91,18,200
0021001124,101,96,5,197
0021001131,99,90,9,189
0021000620,95,104,9,199
0021001021,95,99,4,194
0021000351,99,92,7,191
0021000183,90,86,4,176
0021000169,89,105,16,194
0021001071,91,97,6,188
0021000394,102,109,7,211
0021000312,100,105,5,205
0021000731,94,100,6,194
0021000707,81,96,15,177
0021000820,91,102,11,193
0021000934,102,113,11,215
0021000548,96,87,9,183
0021000335,97,92,5,189
0021000887,91,86,5,177
0021000681,92,124,32,216
0021001049,96,111,15,207
0021000210,81,83,2,164
0021000805,75,89,14,164
0021001188,83,115,32,198
0021000901,103,87,16,190
0021001092,90,99,9,189
0021000329,83,97,14,180
0021000978,122,101,21,223
0021000678,88,93,5,181
0021001199,90,115,25,205
0021000808,93,98,5,191
0021000698,95,108,13,203
0021001197,89,111,22,200
0021000260,118,98,20,216
0021000906,116,105,11,221
0021000428,103,109,6,212
0021000894,100,109,9,209
0021000218,123,115,8,238
0021000228,103,94,9,197
0021000957,108,103,5,211
0021001209,98,91,7,189
0021001081,87,98,11,185
0021001143,107,123,16,230
0021001135,87,93,6,180
0021001038,127,95,32,222
0021001077,106,100,6,206
0021000591,96,99,3,195
0021000520,110,87,23,197
0021000904,106,102,4,208
0021000940,92,87,5,179
0021001063,106,114,8,220
0021000639,103,87,16,190
0021000466,119,113,6,232
0021000030,114,106,8,220
0021000958,110,108,2,218
0021000617,87,100,13,187
0021000725,93,104,11,197
0021001210,111,134,23,245
0021001145,97,106,9,203
0021000553,82,95,13,177
0021000411,110,118,8,228
0021000884,114,96,18,210
0021000672,90,98,8,188
0021000626,97,100,3,197
0021000410,98,96,2,194
0021000153,94,109,15,203
0021000561,91,96,5,187
0021001181,100,110,10,210
0021000215,113,109,4,222
0021001100,100,95,5,195
0021000531,108,98,10,206
0021000779,116,108,8,224
0021000883,86,100,14,186
0021000852,108,114,6,222
0021000221,82,100,18,182
0021001057,90,87,3,177
0021000456,95,83,12,178
0021000287,80,113,33,193
0021000997,107,112,5,219
0021000448,95,80,15,175
0021001168,108,98,10,206
0021000949,110,100,10,210
0021000914,103,116,13,219
0021000760,104,92,12,196
0021000682,99,94,5,193
0021000692,100,95,5,195
0021000960,75,101,26,176
0021000657,106,115,9,221
0021000050,97,129,32,226
0021000528,102,122,20,224
0021000037,107,94,13,201
0021000202,95,99,4,194
0021000931,87,86,1,173
0021001140,90,101,11,191
0021001086,90,94,4,184
0021001186,96,107,11,203
0021000154,100,99,1,199
0021000803,99,97,2,196
0021000319,95,97,2,192
0021000735,98,100,2,198
0021001230,116,108,8,224
0021000974,103,108,5,211
0021000673,118,117,1,235
0021000390,91,106,15,197
0021000147,94,100,6,194
0021000581,89,101,12,190
0021000462,93,103,10,196
0021001219,74,92,18,166
0021001007,93,89,4,182
0021000720,117,112,5,229
0021000023,101,105,4,206
0021000604,89,103,14,192
0021000628,93,108,15,201
0021000796,88,86,2,174
0021000877,83,75,8,158
0021000407,101,90,11,191
0021000897,90,96,6,186
0021000145,72,89,17,161
0021000825,103,95,8,198
0021001046,96,86,10,182
0021000569,109,118,9,227
0021000457,98,106,8,204
0021000276,99,111,12,210
0021000928,102,109,7,211
0021000764,107,104,3,211
0021000742,111,107,4,218
0021000114,106,91,15,197
0021000665,105,112,7,217
0021000427,91,105,14,196
0021000328,89,102,13,191
0021000025,70,96,26,166
0021000993,80,110,30,190
0021000211,90,106,16,196
0021001115,90,104,14,194
0021000721,106,92,14,198
0021000020,100,106,6,206
0021000542,117,107,10,224
0021000205,114,116,2,230
0021000115,103,109,6,212
0021000730,104,100,4,204
0021000970,98,108,10,206
0021000436,106,114,8,220
0021000537,89,104,15,193
0021000800,97,88,9,185
0021000797,105,95,10,200
0021000663,120,109,11,229
0021000821,96,126,30,222
0021000916,100,111,11,211
0021000898,93,109,16,202
0021000118,112,107,5,219
0021001004,80,92,12,172
0021000015,128,132,4,260
0021000724,102,84,18,186
0021000180,81,86,5,167
0021001082,106,114,8,220
0021000279,104,91,13,195
0021000667,91,120,29,211
0021000889,104,103,1,207
0021000342,83,97,14,180
0021000549,107,100,7,207
0021000222,89,99,10,188
0021000647,98,101,3,199
0021000005,98,101,3,199
0021000924,84,92,8,176
0021001147,96,108,12,204
0021000703,87,103,16,190
0021000144,110,113,3,223
0021000481,94,103,9,197
0021000595,89,96,7,185
0021000649,94,81,13,175
0021000670,107,94,13,201
0021000372,80,113,33,193
0021000614,95,103,8,198
0021000980,74,102,28,176
0021001000,117,119,2,236
0021000855,105,109,4,214
0021000006,97,87,10,184
0021000381,99,108,9,207
0021001020,106,85,21,191
0021000910,107,102,5,209
0021000598,129,121,8,250
0021000723,113,97,16,210
0021001200,104,103,1,207
0021000749,93,95,2,188
0021000840,108,100,8,208
0021001005,93,107,14,200
0021001148,96,104,8,200
0021001058,100,94,6,194
0021000714,98,105,7,203
0021000567,89,92,3,181
0021000255,79,90,11,169
0021000473,103,112,9,215
0021000941,89,85,4,174
0021001176,102,114,12,216
0021000846,80,104,24,184
0021000103,116,114,2,230
0021000336,91,97,6,188
0021000273,118,90,28,208
0021000543,103,99,4,202
0021000288,77,89,12,166
0021001122,90,115,25,205
0021000437,102,109,7,211
0021000066,120,112,8,232
0021001113,108,91,17,199
0021000613,106,98,8,204
0021001196,92,99,7,191
0021000172,79,90,11,169
0021000715,89,97,8,186
0021000909,80,120,40,200
0021000726,90,109,19,199
0021000476,83,81,2,164
0021000349,125,129,4,254
0021000310,98,100,2,198
0021000420,98,79,19,177
0021000140,100,94,6,194
0021001139,95,90,5,185
0021001171,92,124,32,216
0021001014,84,73,11,157
0021001027,102,80,22,182
0021000418,101,94,7,195
0021000631,100,59,41,159
0021001161,86,85,1,171
0021000861,98,110,12,208
0021001144,98,102,4,200
0021000323,104,98,6,202
0021000589,95,98,3,193
0021000575,102,130,28,232
0021000197,107,117,10,224
0021000801,106,102,4,208
0021000139,105,111,6,216
0021000414,90,113,23,203
0021000971,76,94,18,170
0021001224,121,102,19,223
0021000853,104,95,9,199
0021001051,114,81,33,195
0021000882,123,126,3,249
0021000429,97,92,5,189
0021001123,107,115,8,222
0021000320,111,103,8,214
0021000232,111,116,5,227
0021000099,99,109,10,208
0021001097,100,107,7,207
0021000857,97,105,8,202
0021000845,115,93,22,208
0021001183,96,101,5,197
0021000445,100,105,5,205
0021001109,104,98,6,202
0021000303,80,74,6,154
0021000513,94,96,2,190
0021000526,99,105,6,204
0021000572,105,111,6,216
0021000830,98,90,8,188
0021001142,108,94,14,202
0021000296,92,102,10,194
0021000745,101,92,9,193
0021000469,125,119,6,244
0021000326,87,86,1,173
0021001084,95,87,8,182
0021000472,103,95,8,198
0021000718,106,114,8,220
0021000094,96,121,25,217
0021000498,104,85,19,189
0021000360,91,97,6,188
0021001067,121,117,4,238
0021001226,103,107,4,210
0021000136,87,107,20,194
0021000031,95,99,4,194
0021000248,133,138,5,271
0021000661,96,81,15,177
0021000545,91,105,14,196
0021000324,111,98,13,209
0021000043,83,107,24,190
0021000064,92,107,15,199
0021000388,87,102,15,189
0021000896,101,93,8,194
0021000641,83,85,2,168
0021000552,108,102,6,210
0021000648,118,104,14,222
0021000869,96,106,10,202
0021000555,111,103,8,214
0021000573,97,109,12,206
0021000024,105,104,1,209
0021000138,93,116,23,209
0021000300,108,125,17,233
0021000022,81,101,20,182
0021000711,97,100,3,197
0021000165,88,98,10,186
0021000813,102,85,17,187
0021001104,113,116,3,229
0021000194,89,117,28,206
0021001107,101,111,10,212
0021001075,103,111,8,214
0021000816,95,81,14,176
0021000373,91,94,3,185
0021001048,85,103,18,188
0021000905,103,115,12,218
0021000713,78,83,5,161
0021000872,106,107,1,213
0021000376,122,128,6,250
0021000818,110,103,7,213
0021000447,85,96,11,181
0021000402,120,110,10,230
0021000990,77,100,23,177
0021000330,92,100,8,192
0021000354,94,85,9,179
0021000501,93,96,3,189
0021000817,102,121,19,223
0021000322,94,111,17,205
0021000676,112,105,7,217
0021001155,118,131,13,249
0021000999,84,97,13,181
0021000313,83,97,14,180
0021000171,89,84,5,173
0021000201,106,89,17,195
0021000488,74,101,27,175
0021000021,104,101,3,205
0021001160,108,87,21,195
0021000932,99,83,16,182
0021000996,93,95,2,188
0021000785,120,121,1,241
0021000839,113,96,17,209
0021000358,103,99,4,202
0021001047,92,132,40,224
0021001024,77,93,16,170
0021000337,92,108,16,200
0021000378,89,97,8,186
0021000212,83,89,6,172
0021000644,85,96,11,181
0021000018,110,94,16,204
0021000281,127,111,16,238
0021000510,108,102,6,210
0021000766,117,83,34,200
0021001103,114,115,1,229
0021001033,98,109,11,207
0021000892,107,102,5,209
0021000792,106,92,14,198
0021000804,82,85,3,167
0021000474,99,93,6,192
0021000848,101,102,1,203
0021000415,99,81,18,180
0021001137,92,98,6,190
0021000132,99,85,14,184
0021000886,88,95,7,183
0021001035,92,98,6,190
0021000975,120,123,3,243
0021001169,93,101,8,194
0021001003,102,87,15,189
0021000252,91,101,10,192
0021000370,110,93,17,203
0021000771,105,101,4,206
0021000235,100,99,1,199
0021000363,80,103,23,183
0021000862,95,84,11,179
0021000964,88,94,6,182
0021000655,95,105,10,200
0021000750,89,78,11,167
0021000071,90,97,7,187
0021000027,95,101,6,196
0021000902,80,83,3,163
0021000686,87,88,1,175
0021000962,104,111,7,215
0021001157,82,81,1,163
0021000540,79,90,11,169
0021000633,102,88,14,190
0021001221,97,79,18,176
0021000915,89,81,8,170
0021000693,89,110,21,199
0021000856,99,118,19,217
0021000947,101,87,14,188
0021000933,92,79,13,171
0021001087,114,111,3,225
0021000058,102,105,3,207
0021001060,97,90,7,187
0021000514,87,97,10,184
0021000584,111,115,4,226
0021000926,96,103,7,199
0021000744,113,106,7,219
0021000166,94,103,9,197
0021000149,97,101,4,198
0021000722,97,87,10,184
0021000832,114,105,9,219
0021000791,119,126,7,245
0021000656,100,98,2,198
0021000307,85,94,9,179
0021001017,108,115,7,223
0021000143,121,116,5,237
0021000635,110,115,5,225
0021001102,112,87,25,199
0021000162,111,113,2,224
0021001146,109,114,5,223
0021000224,101,110,9,211
0021001207,86,93,7,179
0021000592,70,89,19,159
0021000012,86,101,15,187
0021000295,116,99,17,215
0021000237,86,102,16,188
0021000687,90,99,9,189
0021000265,72,97,25,169
0021000956,96,94,2,190
0021000759,93,84,9,177
0021000536,93,108,15,201
0021000413,121,112,9,233
0021000353,78,95,17,173
0021000929,69,93,24,162
0021000317,88,83,5,171
0021000491,92,98,6,190
0021000769,112,117,5,229
0021000426,112,107,5,219
0021000176,112,95,17,207
0021000691,121,113,8,234
0021000417,76,121,45,197
0021000719,87,100,13,187
0021001031,78,99,21,177
0021000002,92,106,14,198
0021000366,99,108,9,207
0021000045,108,111,3,219
0021000261,109,112,3,221
0021001141,97,91,6,188
0021000558,98,132,34,230
0021000679,106,111,5,217
0021000828,109,115,6,224
0021000131,91,90,1,181
0021000078,78,85,7,163
0021000291,95,129,34,224
0021000325,91,116,25,207
0021000056,86,128,42,214
0021000122,102,99,3,201
0021000395,100,99,1,199
0021000440,95,92,3,187
0021000065,112,100,12,212
0021001116,116,98,18,214
0021000219,87,105,18,192
0021001179,88,104,16,192
0021000505,89,101,12,190
0021000284,104,109,5,213
0021000807,105,100,5,205
0021000338,101,94,7,195
0021000606,98,100,2,198
0021000106,78,100,22,178
0021001150,89,99,10,188
0021000192,110,115,5,225
0021000582,110,105,5,215
0021000096,89,93,4,182
0021000521,99,95,4,194
0021001085,94,77,17,171
0021000055,85,83,2,168
0021000345,82,113,31,195
0021001217,85,96,11,181
0021000913,103,101,2,204
0021000762,108,103,5,211
0021000864,110,92,18,202
0021000489,87,99,12,186
0021000979,100,118,18,218
0021000104,80,107,27,187
0021000662,113,102,11,215
0021000959,90,110,20,200
0021001175,98,87,11,185
0021000879,110,108,2,218
0021000314,99,106,7,205
0021001189,78,99,21,177
0021001134,89,106,17,195
0021000264,95,99,4,194
0021000554,85,110,25,195
0021000911,103,106,3,209
0021000966,116,97,19,213
0021000683,116,110,6,226
0021000899,90,92,2,182
0021000538,115,92,23,207
0021000829,90,102,12,192
0021000226,90,99,9,189
0021000048,115,116,1,231
0021001163,112,136,24,248
0021000987,111,88,23,199
0021000089,106,96,10,202
0021000827,99,104,5,203
0021000858,106,101,5,207
0021000482,75,92,17,167
0021000100,87,89,2,176
0021000599,101,108,7,209
0021000438,103,108,5,211
0021001118,107,97,10,204
0021000111,91,98,7,189
0021000590,106,110,4,216
0021000011,95,106,11,201
0021000156,95,92,3,187
0021000167,113,106,7,219
0021000998,119,129,10,248
0021000983,115,107,8,222
0021000019,104,101,3,205
0021000452,96,91,5,187
0021000836,99,109,10,208
0021000834,107,100,7,207
0021000348,104,83,21,187
0021000200,83,94,11,177
0021000732,89,88,1,177
0021001112,91,110,19,201
0021000422,115,93,22,208
0021000739,82,92,10,174
0021001205,94,95,1,189
0021000339,105,117,12,222
0021000675,114,107,7,221
0021000038,88,98,10,186
0021000318,110,113,3,223
0021000375,90,92,2,182
0021000207,84,88,4,172
0021000736,100,111,11,211
0021000272,85,90,5,175
0021000697,81,91,10,172
0021000185,95,97,2,192
0021001164,90,85,5,175
0021000564,95,119,24,214
0021000873,105,99,6,204
0021001016,70,111,41,181
0021001022,82,99,17,181
0021000186,82,81,1,163
0021000269,99,109,10,208
0021000559,100,86,14,186
0021000216,111,103,8,214
0021001127,93,81,12,174
0021001019,107,116,9,223
0021001073,102,96,6,198
0021000244,109,95,14,204
0021000256,79,88,9,167
0021001154,82,99,17,181
0021000241,96,85,11,181
0021000945,108,105,3,213
0021000146,95,98,3,193
0021000088,100,91,9,191
0021000404,102,93,9,195
0021000515,97,109,12,206
0021001167,109,116,7,225
0021001045,102,98,4,200
0021000512,120,105,15,225
0021000379,90,102,12,192
0021000777,111,100,11,211
0021000128,108,110,2,218
0021001204,95,85,10,180
0021000148,115,108,7,223
0021000770,74,92,18,166
0021000227,110,106,4,216
0021000187,92,116,24,208
0021000699,96,102,6,198
0021000674,83,96,13,179
0021000160,83,114,31,197
0021000577,94,95,1,189
0021000946,123,101,22,224
0021000431,84,79,5,163
0021000294,100,75,25,175
0021000988,56,87,31,143
0021000355,84,96,12,180
0021000780,91,86,5,177
0021001151,105,107,2,212
0021000842,88,94,6,182
0021001201,120,106,14,226
0021000775,101,103,2,204
0021000574,124,125,1,249
0021001159,101,94,7,195
0021000666,94,89,5,183
0021000923,95,125,30,220
0021000776,99,95,4,194
0021000727,77,92,15,169
0021000806,115,100,15,215
0021001180,93,82,11,175
0021000936,96,81,15,177
0021000627,77,82,5,159
0021000541,100,109,9,209
0021000863,94,110,16,204
0021000135,116,110,6,226
0021000710,90,117,27,207
0021000233,97,78,19,175
0021000728,97,96,1,193
0021000239,95,106,11,201
0021000432,95,83,12,178
0021001203,105,103,2,208
0021000105,82,101,19,183
0021000196,93,77,16,170
0021000170,83,86,3,169
0021001093,104,114,10,218
0021000371,95,101,6,196
0021000880,90,87,3,177
0021001037,95,100,5,195
0021000917,111,104,7,215
0021000669,88,93,5,181
0021001080,104,112,8,216
0021000125,103,112,9,215
0021000262,123,120,3,243
0021000361,82,77,5,159
0021000003,110,112,2,222
0021000384,92,98,6,190
0021000397,106,112,6,218
0021000819,94,106,12,200
0021000116,95,107,12,202
0021000596,92,99,7,191
0021001214,89,102,13,191
0021000060,102,101,1,203
0021000659,129,125,4,254
0021000108,108,91,17,199
0021000403,108,111,3,219
0021000507,91,111,20,202
0021001001,79,98,19,177
0021000063,109,115,6,224
0021000439,98,97,1,195
0021000124,93,85,8,178
0021000954,90,94,4,184
0021000263,108,127,19,235
0021000874,116,120,4,236
0021000709,99,115,16,214
0021001052,76,111,35,187
0021000867,88,111,23,199
0021000109,104,94,10,198
0021000484,92,81,11,173
0021000680,88,78,10,166
0021000658,83,92,9,175
0021000217,101,111,10,212
0021000587,112,106,6,218
0021001227,86,110,24,196
0021000757,80,91,11,171
0021001130,91,98,7,189
0021000016,98,88,10,186
0021000408,93,94,1,187
0021000677,112,103,9,215
0021000547,100,108,8,208
0021000433,95,103,8,198
0021000781,102,100,2,202
0021000306,88,78,10,166
0021000969,86,89,3,175
0021000837,112,106,6,218
0021000729,106,88,18,194
0021001184,97,109,12,206
0021000646,72,96,24,168
0021000849,111,105,6,216
0021000459,84,76,8,160
0021000449,98,113,15,211
0021000632,86,110,24,196
0021001025,95,110,15,205
0021000240,101,104,3,205
0021000299,107,108,1,215
0021000479,81,90,9,171
0021000643,103,120,17,223
0021001120,88,89,1,177
0021000618,102,103,1,205
0021000129,113,107,6,220
0021000550,87,109,22,196
0021000961,92,93,1,185
0021000042,120,99,21,219
0021001030,98,103,5,201
0021001202,98,90,8,188
0021000717,95,90,5,185
0021001165,97,92,5,189
0021000823,89,102,13,191
0021000530,99,110,11,209
0021001034,101,110,9,211
0021000282,100,92,8,192
0021000151,93,101,8,194
0021000535,97,101,4,198
0021000578,101,95,6,196
0021000092,94,120,26,214
0021000126,90,99,9,189
0021000556,133,136,3,269
0021000461,77,95,18,172
0021001070,83,81,2,164
0021000944,101,107,6,208
0021000822,101,102,1,203
0021000487,88,103,15,191
0021000164,99,116,17,215
0021000083,87,81,6,168
0021000250,94,105,11,199
0021000051,106,113,7,219
0021000826,80,94,14,174
0021000794,86,89,3,175
0021001006,96,85,11,181
0021001215,93,102,9,195
0021000485,91,100,9,191
0021000130,96,95,1,191
0021000866,113,121,8,234
0021001062,112,131,19,243
0021000784,88,112,24,200
0021000500,90,110,20,200
0021000067,107,106,1,213
0021000085,103,92,11,195
0021001162,111,102,9,213
0021000497,89,94,5,183
0021000615,98,99,1,197
0021000385,85,90,5,175
0021000423,87,80,7,167
0021000332,101,95,6,196
0021000922,102,88,14,190
0021000441,104,90,14,194
0021000278,88,93,5,181
0021000624,108,110,2,218
0021000865,109,115,6,224
0021000930,94,100,6,194
0021000768,100,89,11,189
0021001108,97,108,11,205
0021000621,100,109,9,209
0021001117,106,100,6,206
0021000270,94,105,11,199
0021000935,117,125,8,242
0021000937,118,122,4,240
0021000405,113,110,3,223
0021001079,100,138,38,238
0021000503,106,113,7,219
0021000275,84,91,7,175
0021000532,101,95,6,196
0021001185,89,104,15,193
0021000950,95,76,19,171
0021000238,104,94,10,198
0021000860,75,89,14,164
0021000570,125,131,6,256
0021000181,125,119,6,244
0021000651,109,113,4,222
0021001012,112,106,6,218
0021000364,105,118,13,223
0021000392,97,89,8,186
0021000377,98,103,5,201
0021000875,92,120,28,212
0021000258,96,98,2,194
0021000203,89,100,11,189
0021001178,93,98,5,191
0021000833,94,87,7,181
0021000267,73,89,16,162
0021000350,70,88,18,158
0021001036,96,104,8,200
0021001158,104,101,3,205
0021000748,101,95,6,196
0021000098,92,94,2,186
0021000576,99,86,13,185
0021000919,119,115,4,234
0021000907,88,107,19,195
0021000231,96,102,6,198
0021000333,84,88,4,172
0021000782,114,116,2,230
0021000811,94,100,6,194
0021001125,83,88,5,171
0021000409,75,108,33,183
0021000285,97,105,8,202
0021000189,103,94,9,197
0021000152,102,92,10,194
0021000881,95,91,4,186
0021000387,71,100,29,171
0021000752,121,105,16,226
0021001126,111,92,19,203
0021000684,102,111,9,213
0021000900,90,79,11,169
0021000603,81,85,4,166
0021000761,96,99,3,195
0021000308,91,98,7,189
0021000645,79,92,13,171
0021001015,99,120,21,219
0021000302,100,124,24,224
0021000315,108,115,7,223
0021000734,87,100,13,187
0021000157,118,120,2,238
0021000708,93,104,11,197
0021000706,102,104,2,206
0021000097,109,102,7,211
0021000972,101,122,21,223
0021001044,97,86,11,183
0021100851,94,89,5,183
0021100631,107,101,6,208
0021100046,81,102,21,183
0021100110,94,109,15,203
0021100013,82,95,13,177
0021100353,106,114,8,220
0021100908,105,102,3,207
0021100661,92,99,7,191
0021100322,109,99,10,208
0021100638,99,89,10,188
0021100153,89,95,6,184
0021100414,98,89,9,187
0021100963,86,92,6,178
0021100545,122,110,12,232
0021100578,105,118,13,223
0021100626,94,111,17,205
0021100928,109,97,12,206
0021100201,79,108,29,187
0021100014,85,84,1,169
0021100294,106,85,21,191
0021100385,109,101,8,210
0021100592,97,110,13,207
0021100588,96,90,6,186
0021100206,100,107,7,207
0021100086,83,118,35,201
0021100542,83,100,17,183
0021100006,90,84,6,174
0021100284,120,109,11,229
0021100431,98,88,10,186
0021100043,93,113,20,206
0021100489,89,84,5,173
0021100099,73,96,23,169
0021100780,104,101,3,205
0021100339,94,101,7,195
0021100983,89,106,17,195
0021100142,106,111,5,217
0021100642,91,87,4,178
0021100257,97,90,7,187
0021100639,96,101,5,197
0021100698,93,97,4,190
0021100027,98,95,3,193
0021100691,115,116,1,231
0021100954,88,97,9,185
0021100859,104,98,6,202
0021100939,90,98,8,188
0021100136,103,106,3,209
0021100754,85,106,21,191
0021100081,99,108,9,207
0021100232,89,95,6,184
0021100004,89,97,8,186
0021100330,112,91,21,203
0021100988,94,96,2,190
0021100314,90,93,3,183
0021100684,82,79,3,161
0021100572,99,93,6,192
0021100018,106,70,36,176
0021100772,107,110,3,217
0021100657,102,94,8,196
0021100387,101,106,5,207
0021100695,90,97,7,187
0021100972,96,85,11,181
0021100701,80,93,13,173
0021100055,89,104,15,193
0021100564,101,96,5,197
0021100765,100,79,21,179
0021100876,109,81,28,190
0021100316,103,109,6,212
0021100412,97,106,9,203
0021100944,109,106,3,215
0021100687,102,103,1,205
0021100437,90,102,12,192
0021100870,86,96,10,182
0021100219,79,71,8,150
0021100089,90,86,4,176
0021100139,105,113,8,218
0021100625,115,89,26,204
0021100493,91,110,19,201
0021100522,83,104,21,187
0021100637,105,103,2,208
0021100541,98,114,16,212
0021100919,100,68,32,168
0021100109,90,97,7,187
0021100210,85,93,8,178
0021100064,80,96,16,176
0021100452,111,98,13,209
0021100034,85,105,20,190
0021100885,97,94,3,191
0021100031,103,83,20,186
0021100457,97,85,12,182
0021100854,90,103,13,193
0021100647,100,89,11,189
0021100214,88,90,2,178
0021100590,114,119,5,233
0021100320,120,103,17,223
0021100140,97,105,8,202
0021100836,79,103,24,182
0021100069,90,85,5,175
0021100062,64,104,40,168
0021100291,93,97,4,190
0021100587,85,86,1,171
0021100486,93,103,10,196
0021100524,105,102,3,207
0021100757,113,101,12,214
0021100178,60,99,39,159
0021100811,96,80,16,176
0021100986,77,84,7,161
0021100400,111,86,25,197
0021100651,95,120,25,215
0021100225,101,98,3,199
0021100241,98,96,2,194
0021100326,96,77,19,173
0021100463,92,93,1,185
0021100121,104,97,7,201
0021100048,99,102,3,201
0021100959,98,107,9,205
0021100435,92,89,3,181
0021100264,105,90,15,195
0021100544,96,102,6,198
0021100610,97,93,4,190
0021100728,79,77,2,156
0021100384,88,87,1,175
0021100460,97,104,7,201
0021100033,78,94,16,172
0021100075,90,94,4,184
0021100022,71,96,25,167
0021100571,101,106,5,207
0021100365,99,90,9,189
0021100450,89,85,4,174
0021100848,114,90,24,204
0021100299,69,74,5,143
0021100495,98,100,2,198
0021100020,95,98,3,193
0021100088,101,93,8,194
0021100980,67,98,31,165
0021100126,87,97,10,184
0021100880,113,97,16,210
0021100143,98,91,7,189
0021100052,84,95,11,179
0021100941,97,121,24,218
0021100488,102,88,14,190
0021100511,109,97,12,206
0021100717,125,104,21,229
0021100675,97,93,4,190
0021100803,93,98,5,191
0021100509,93,92,1,185
0021100288,89,100,11,189
0021100589,105,102,3,207
0021100474,73,89,16,162
0021100279,76,103,27,179
0021100861,111,107,4,218
0021100624,117,118,1,235
0021100978,86,108,22,194
0021100147,64,78,14,142
0021100421,105,90,15,195
0021100035,102,104,2,206
0021100679,104,107,3,211
0021100862,93,104,11,197
0021100549,104,101,3,205
0021100798,87,91,4,178
0021100805,92,94,2,186
0021100825,112,107,5,219
0021100506,95,99,4,194
0021100408,94,92,2,186
0021100892,91,105,14,196
0021100059,90,129,39,219
0021100787,94,88,6,182
0021100479,92,103,11,195
0021100948,96,99,3,195
0021100514,96,102,6,198
0021100025,83,101,18,184
0021100567,85,88,3,173
0021100444,74,71,3,145
0021100381,90,67,23,157
0021100047,86,99,13,185
0021100058,96,102,6,198
0021100116,117,121,4,238
0021100165,76,102,26,178
0021100598,97,111,14,208
0021100773,99,95,4,194
0021100285,74,95,21,169
0021100181,99,91,8,190
0021100111,77,99,22,176
0021100683,94,82,12,176
0021100917,112,91,21,203
0021100681,110,119,9,229
0021100349,113,90,23,203
0021100005,105,86,19,191
0021100397,94,86,8,180
0021100898,100,84,16,184
0021100813,86,93,7,179
0021100802,93,120,27,213
0021100268,91,96,5,187
0021100332,89,106,17,195
0021100886,104,112,8,216
0021100569,98,116,18,214
0021100190,84,77,7,161
0021100467,91,92,1,183
0021100526,108,100,8,208
0021100966,102,109,7,211
0021100336,80,88,8,168
0021100970,83,81,2,164
0021100618,98,104,6,202
0021100763,71,83,12,154
0021100673,85,59,26,144
0021100826,116,96,20,212
0021100613,73,71,2,144
0021100274,107,101,6,208
0021100401,113,109,4,222
0021100556,109,100,9,209
0021100278,67,93,26,160
0021100090,89,98,9,187
0021100777,78,92,14,170
0021100454,100,114,14,214
0021100622,104,103,1,207
0021100570,71,103,32,174
0021100258,75,92,17,167
0021100207,91,88,3,179
0021100650,101,109,8,210
0021100461,78,90,12,168
0021100795,95,102,7,197
0021100325,107,105,2,212
0021100233,95,128,33,223
0021100730,90,105,15,195
0021100878,65,103,38,168
0021100985,76,88,12,164
0021100663,83,87,4,170
0021100559,91,95,4,186
0021100180,94,102,8,196
0021100850,84,91,7,175
0021100166,83,99,16,182
0021100764,89,98,9,187
0021100890,115,110,5,225
0021100933,91,80,11,171
0021100627,84,98,14,182
0021100378,99,92,7,191
0021100392,89,87,2,176
0021100311,86,113,27,199
0021100405,94,97,3,191
0021100640,103,90,13,193
0021100799,99,78,21,177
0021100296,94,72,22,166
0021100002,105,94,11,199
0021100534,117,105,12,222
0021100346,87,89,2,176
0021100655,103,107,4,210
0021100234,83,81,2,164
0021100024,96,95,1,191
0021100881,85,96,11,181
0021100630,105,115,10,220
0021100864,103,91,12,194
0021100771,90,95,5,185
0021100130,68,92,24,160
0021100453,87,110,23,197
0021100087,99,83,16,182
0021100924,98,102,4,200
0021100800,109,96,13,205
0021100749,98,77,21,175
0021100612,99,104,5,203
0021100604,94,97,3,191
0021100879,82,105,23,187
0021100929,127,102,25,229
0021100817,98,110,12,208
0021100605,105,99,6,204
0021100472,93,90,3,183
0021100648,114,110,4,224
0021100215,94,91,3,185
0021100228,119,114,5,233
0021100896,102,86,16,188
0021100793,104,112,8,216
0021100235,102,105,3,207
0021100337,89,91,2,180
0021100030,100,117,17,217
0021100494,87,93,6,180
0021100244,95,110,15,205
0021100458,103,104,1,207
0021100888,94,82,12,176
0021100551,105,103,2,208
0021100739,81,90,9,171
0021100603,106,94,12,200
0021100705,86,99,13,185
0021100971,95,102,7,197
0021100912,120,99,21,219
0021100874,79,84,5,163
0021100515,103,120,17,223
0021100915,110,118,8,228
0021100574,100,101,1,201
0021100900,75,88,13,163
0021100151,90,87,3,177
0021100393,92,109,17,201
0021100791,87,92,5,179
0021100007,95,96,1,191
0021100884,97,103,6,200
0021100561,116,119,3,235
0021100037,102,111,9,213
0021100903,75,67,8,142
0021100818,96,101,5,197
0021100008,95,104,9,199
0021100894,108,112,4,220
0021100148,95,85,10,180
0021100674,112,95,17,207
0021100829,89,94,5,183
0021100189,84,93,9,177
0021100839,104,114,10,218
0021100719,108,83,25,191
0021100477,106,102,4,208
0021100120,93,72,21,165
0021100615,90,105,15,195
0021100370,107,105,2,212
0021100821,99,97,2,196
0021100834,97,112,15,209
0021100736,85,103,18,188
0021100779,92,99,7,191
0021100255,99,96,3,195
0021100609,106,99,7,205
0021100702,113,111,2,224
0021100713,79,101,22,180
0021100256,84,97,13,181
0021100476,101,103,2,204
0021100974,93,99,6,192
0021100451,102,103,1,205
0021100144,84,96,12,180
0021100976,106,101,5,207
0021100722,133,139,6,272
0021100530,94,99,5,193
0021100054,114,92,22,206
0021100044,93,78,15,171
0021100380,80,85,5,165
0021100838,75,98,23,173
0021100891,105,99,6,204
0021100302,82,103,21,185
0021100306,122,99,23,221
0021100456,103,100,3,203
0021100958,74,101,27,175
0021100499,88,102,14,190
0021100716,101,99,2,200
0021100308,100,77,23,177
0021100807,85,95,10,180
0021100704,88,73,15,161
0021100102,87,74,13,161
0021100840,75,91,16,166
0021100645,100,115,15,215
0021100065,88,93,5,181
0021100438,84,102,18,186
0021100039,100,79,21,179
0021100774,103,112,9,215
0021100357,90,95,5,185
0021100513,102,95,7,197
0021100738,86,93,7,179
0021100275,99,96,3,195
0021100287,84,97,13,181
0021100677,87,106,19,193
0021100312,97,100,3,197
0021100174,64,77,13,141
0021100466,85,101,16,186
0021100471,100,92,8,192
0021100568,85,95,10,180
0021100016,103,107,4,210
0021100172,91,93,2,184
0021100616,127,124,3,251
0021100428,78,86,8,164
0021100708,102,121,19,223
0021100265,83,105,22,188
0021100430,87,103,16,190
0021100157,101,90,11,191
0021100937,85,80,5,165
0021100484,76,89,13,165
0021100537,78,81,3,159
0021100516,85,82,3,167
0021100611,105,99,6,204
0021100577,94,106,12,200
0021100641,105,111,6,216
0021100313,73,106,33,179
0021100696,83,109,26,192
0021100490,104,119,15,223
0021100714,101,102,1,203
0021100796,94,98,4,192
0021100518,85,96,11,181
0021100078,96,113,17,209
0021100665,99,115,16,214
0021100150,115,123,8,238
0021100727,117,101,16,218
0021100596,86,105,19,191
0021100989,96,113,17,209
0021100107,85,94,9,179
0021100117,81,96,15,177
0021100947,89,93,4,182
0021100026,105,89,16,194
0021100237,100,94,6,194
0021100629,102,106,4,208
0021100289,93,96,3,189
0021100608,94,91,3,185
0021100797,109,100,9,209
0021100904,100,113,13,213
0021100445,98,91,7,189
0021100250,89,101,12,190
0021100491,108,91,17,199
0021100328,81,93,12,174
0021100914,77,116,39,193
0021100946,83,93,10,176
0021100091,95,101,6,196
0021100315,82,98,16,180
0021100756,102,93,9,195
0021100740,107,100,7,207
0021100535,72,102,30,174
0021100482,108,117,9,225
0021100355,80,98,18,178
0021100159,95,90,5,185
0021100846,85,94,9,179
0021100672,79,76,3,155
0021100036,108,98,10,206
0021100364,100,92,8,192
0021100916,91,84,7,175
0021100331,101,119,18,220
0021100720,100,117,17,217
0021100259,81,91,10,172
0021100502,85,100,15,185
0021100443,80,89,9,169
0021100607,107,118,11,225
0021100766,104,103,1,207
0021100602,87,111,24,198
0021100554,92,88,4,180
0021100182,106,96,10,202
0021100652,92,97,5,189
0021100341,93,89,4,182
0021100442,88,93,5,181
0021100363,89,84,5,173
0021100434,87,98,11,185
0021100897,100,94,6,194
0021100011,104,100,4,204
0021100755,93,99,6,192
0021100724,87,103,16,190
0021100951,113,112,1,225
0021100819,97,82,15,179
0021100680,90,97,7,187
0021100041,85,96,11,181
0021100223,80,92,12,172
0021100927,104,98,6,202
0021100606,94,107,13,201
0021100580,98,99,1,197
0021100504,78,102,24,180
0021100863,96,105,9,201
0021100351,87,96,9,183
0021100725,87,90,3,177
0021100399,101,87,14,188
0021100342,107,81,26,188
0021100409,91,95,4,186
0021100497,96,91,5,187
0021100792,125,90,35,215
0021100810,113,108,5,221
0021100415,89,102,13,191
0021100246,104,102,2,206
0021100230,91,94,3,185
0021100893,93,85,8,178
0021100961,97,103,6,200
0021100782,75,92,17,167
0021100635,111,120,9,231
0021100907,87,84,3,171
0021100668,95,111,16,206
0021100658,80,89,9,169
0021100529,94,107,13,201
0021100962,105,87,18,192
0021100122,96,108,12,204
0021100769,85,88,3,173
0021100628,79,121,42,200
0021100575,106,104,2,210
0021100161,98,81,17,179
0021100930,112,91,21,203
0021100375,107,93,14,200
0021100115,98,95,3,193
0021100599,95,122,27,217
0021100523,85,104,19,189
0021100446,82,75,7,157
0021100480,97,104,7,201
0021100186,82,94,12,176
0021100853,115,107,8,222
0021100685,93,103,10,196
0021100923,72,96,24,168
0021100374,100,90,10,190
0021100478,88,104,16,192
0021100072,96,106,10,202
0021100786,99,93,6,192
0021100525,95,104,9,199
0021100548,75,83,8,158
0021100857,86,98,12,184
0021100601,91,98,7,189
0021100925,91,103,12,194
0021100010,79,91,12,170
0021100762,100,98,2,198
0021100068,108,94,14,202
0021100245,97,92,5,189
0021100573,86,89,3,175
0021100943,118,107,11,225
0021100163,87,80,7,167
0021100737,101,108,7,209
0021100935,99,105,6,204
0021100734,106,113,7,219
0021100666,81,91,10,172
0021100922,84,116,32,200
0021100282,81,96,15,177
0021100305,89,93,4,182
0021100558,93,97,4,190
0021100271,91,98,7,189
0021100748,84,100,16,184
0021100841,104,87,17,191
0021100009,104,96,8,200
0021100905,88,111,23,199
0021100082,77,92,15,169
0021100636,82,96,14,178
0021100137,100,95,5,195
0021100822,103,128,25,231
0021100398,104,97,7,201
0021100395,85,92,7,177
0021100936,90,93,3,183
0021100899,103,104,1,207
0021100310,99,106,7,205
0021100124,78,98,20,176
0021100079,103,93,10,196
0021100433,85,100,15,185
0021100061,82,99,17,181
0021100510,96,103,7,199
0021100505,97,68,29,165
0021100032,78,92,14,170
0021100317,64,100,36,164
0021100760,90,100,10,190
0021100213,87,98,11,185
0021100507,118,119,1,237
0021100253,102,83,19,185
0021100579,100,99,1,199
0021100155,93,102,9,195
0021100847,93,91,2,184
0021100423,115,121,6,236
0021100576,104,115,11,219
0021100883,89,115,26,204
0021100823,99,105,6,204
0021100902,109,87,22,196
0021100926,110,117,7,227
0021100965,89,124,35,213
0021100254,85,92,7,177
0021100990,107,101,6,208
0021100335,108,105,3,213
0021100103,97,83,14,180
0021100056,107,79,28,186
0021100833,94,109,15,203
0021100432,105,100,5,205
0021100934,72,83,11,155
0021100501,114,99,15,213
0021100496,106,104,2,210
0021100875,95,89,6,184
0021100369,91,107,16,198
0021100436,95,96,1,191
0021100942,103,92,11,195
0021100550,96,91,5,187
0021100238,91,103,12,194
0021100188,102,94,8,196
0021100528,102,99,3,201
0021100465,92,85,7,177
0021100583,94,96,2,190
0021100420,90,87,3,177
0021100146,90,85,5,175
0021100359,107,102,5,209
0021100913,102,97,5,199
0021100187,114,106,8,220
0021100536,98,99,1,197
0021100095,71,93,22,164
0021100191,91,101,10,192
0021100372,119,116,3,235
0021100318,96,99,3,195
0021100953,114,88,26,202
0021100449,111,87,24,198
0021100566,78,108,30,186
0021100343,98,87,11,185
0021100889,98,103,5,201
0021100699,79,96,17,175
0021100286,102,99,3,201
0021100809,88,101,13,189
0021100131,94,81,13,175
0021100729,102,95,7,197
0021100301,95,109,14,204
0021100715,89,86,3,175
0021100419,96,102,6,198
0021100229,92,113,21,205
0021100019,107,115,8,222
0021100113,103,80,23,183
0021100283,71,109,38,180
0021100517,94,109,15,203
0021100969,88,100,12,188
0021100276,89,99,10,188
0021100411,107,87,20,194
0021100440,93,91,2,184
0021100134,82,70,12,152
0021100303,83,73,10,156
0021100815,98,103,5,201
0021100218,108,104,4,212
0021100563,84,100,16,184
0021100741,109,95,14,204
0021100376,89,102,13,191
0021100269,93,101,8,194
0021100664,92,97,5,189
0021100074,86,91,5,177
0021100746,87,75,12,162
0021100338,81,99,18,180
0021100114,62,97,35,159
0021100750,117,112,5,229
0021100623,98,107,9,205
0021100752,102,87,15,189
0021100871,95,82,13,177
0021100614,97,112,15,209
0021100417,80,86,6,166
0021100092,83,110,27,193
0021100128,106,101,5,207
0021100001,104,106,2,210
0021100620,75,92,17,167
0021100662,103,87,16,190
0021100565,92,97,5,189
0021100824,98,104,6,202
0021100543,102,84,18,186
0021100964,101,109,8,210
0021100105,94,109,15,203
0021100806,97,94,3,191
0021100118,86,92,6,178
0021100321,95,86,9,181
0021100828,88,82,6,170
0021100697,103,102,1,205
0021100694,100,91,9,191
0021100371,84,86,2,170
0021100123,93,109,16,202
0021100307,100,112,12,212
0021100083,85,103,18,188
0021100448,108,114,6,222
0021100208,89,92,3,181
0021100138,111,100,11,211
0021100049,114,101,13,215
0021100987,131,102,29,233
0021100906,101,98,3,199
0021100098,97,85,12,182
0021100979,74,87,13,161
0021100794,93,99,6,192
0021100481,100,101,1,201
0021100377,92,99,7,191
0021100649,114,105,9,219
0021100298,109,105,4,214
0021100324,68,112,44,180
0021100345,92,99,7,191
0021100252,111,78,33,189
0021100045,103,101,2,204
0021100768,102,100,2,202
0021100483,108,120,12,228
0021100690,100,116,16,216
0021100424,83,93,10,176
0021100367,99,104,5,203
0021100464,73,108,35,181
0021100212,89,91,2,180
0021100145,79,85,6,164
0021100634,124,112,12,236
0021100348,91,100,9,191
0021100492,82,99,17,181
0021100192,97,88,9,185
0021100784,112,120,8,232
0021100783,106,119,13,225
0021100169,92,97,5,189
0021100533,92,97,5,189
0021100350,96,107,11,203
0021100473,93,97,4,190
0021100470,79,90,11,169
0021100216,94,84,10,178
0021100347,88,91,3,179
0021100101,102,96,6,198
0021100203,102,105,3,207
0021100547,83,93,10,176
0021100071,78,89,11,167
0021100761,121,84,37,205
0021100921,104,95,9,199
0021100732,80,89,9,169
0021100290,84,86,2,170
0021100040,91,98,7,189
0021100361,88,99,11,187
0021100977,110,106,4,216
0021100804,98,107,9,205
0021100402,99,84,15,183
0021100868,110,118,8,228
0021100938,92,97,5,189
0021100801,87,86,1,173
0021100080,73,85,12,158
0021100196,105,95,10,200
0021100594,110,99,11,209
0021100887,98,89,9,187
0021100973,92,87,5,179
0021100532,83,105,22,188
0021100552,88,96,8,184
0021100425,85,111,26,196
0021100827,86,72,14,158
0021100220,100,86,14,186
0021100753,89,93,4,182
0021100487,115,107,8,222
0021100127,86,96,10,182
0021100835,99,100,1,199
0021100352,89,95,6,184
0021100621,116,111,5,227
0021100170,103,90,13,193
0021100199,105,95,10,200
0021100703,84,93,9,177
0021100053,97,107,10,204
0021100849,84,123,39,207
0021100692,109,93,16,202
0021100177,92,104,12,196
0021100832,105,125,20,230
0021100950,107,117,10,224
0021100960,73,101,28,174
0021100175,99,108,9,207
0021100410,98,77,21,175
0021100176,105,107,2,212
0021100790,102,97,5,199
0021100084,70,89,19,159
0021100224,88,86,2,174
0021100706,140,149,9,289
0021100910,107,125,18,232
0021100688,101,92,9,193
0021100125,82,90,8,172
0021100945,86,84,2,170
0021100388,74,86,12,160
0021100812,94,99,5,193
0021100955,73,76,3,149
0021100029,90,115,25,205
0021100418,92,96,4,188
0021100842,113,85,28,198
0021100204,85,83,2,168
0021100718,108,111,3,219
0021100949,95,106,11,201
0021100323,91,99,8,190
0021100539,98,101,3,199
0021100152,107,104,3,211
0021100240,91,82,9,173
0021100379,87,97,10,184
0021100920,103,87,16,190
0021100654,91,95,4,186
0021100141,83,99,16,182
0021100653,120,98,22,218
0021100469,90,102,12,192
0021100344,85,81,4,166
0021100273,87,94,7,181
0021100845,109,89,20,198
0021100368,84,94,10,178
0021100304,120,108,12,228
0021100168,104,117,13,221
0021100475,93,101,8,194
0021100855,107,88,19,195
0021100844,98,103,5,201
0021100439,101,99,2,200
0021100391,95,64,31,159
0021100873,112,103,9,215
0021100520,96,89,7,185
0021100712,89,102,13,191
0021100248,107,92,15,199
0021100932,109,118,9,227
0021100340,98,87,11,185
0021100070,100,92,8,192
0021100185,86,102,16,188
0021100167,110,103,7,213
0021100531,112,91,21,203
0021100366,111,107,4,218
0021100869,109,85,24,194
0021100193,86,99,13,185
0021100789,108,116,8,224
0021100236,98,108,10,206
0021100901,86,101,15,187
0021100957,93,88,5,181
0021100770,75,91,16,166
0021100023,90,85,5,175
0021100104,96,88,8,184
0021100814,93,85,8,178
0021100676,89,102,13,191
0021100242,83,103,20,186
0021100329,92,95,3,187
0021100003,88,87,1,175
0021100183,91,102,11,193
0021100270,91,83,8,174
0021100404,100,98,2,198
0021100670,105,80,25,185
0021100852,85,93,8,178
0021100617,94,85,9,179
0021100808,107,105,2,212
0021100975,90,85,5,175
0021100781,104,102,2,206
0021100162,88,79,9,167
0021100830,90,99,9,189
0021100918,112,121,9,233
0021100396,92,98,6,190
0021100263,91,101,10,192
0021100386,96,89,7,185
0021100028,78,97,19,175
0021100678,95,99,4,194
0021100205,73,96,23,169
0021100227,94,121,27,215
0021100459,77,97,20,174
0021100164,89,103,14,192
0021100595,91,93,2,184
0021100512,92,88,4,180
0021100097,96,107,11,203
0021100272,72,89,17,161
0021100555,120,100,20,220
0021100085,118,110,8,228
0021100776,96,105,9,201
0021100239,87,97,10,184
0021100562,74,86,12,160
0021100184,102,93,9,195
0021100867,107,113,6,220
0021100660,91,98,7,189
0021100154,81,111,30,192
0021100659,99,106,7,205
0021100742,104,101,3,205
0021100820,90,95,5,185
0021100644,70,86,16,156
0021100735,85,97,12,182
0021100591,120,108,12,228
0021100500,78,83,5,161
0021100788,94,75,19,169
0021100222,114,75,39,189
0021100895,94,82,12,176
0021100872,97,107,10,204
0021100441,84,102,18,186
0021100931,99,87,12,186
0021100077,74,76,2,150
0021100751,86,103,17,189
0021100416,114,96,18,210
0021100723,76,93,17,169
0021100597,112,106,6,218
0021100333,99,79,20,178
0021100700,112,92,20,204
0021100553,99,94,5,193
0021100586,86,104,18,190
0021100261,95,90,5,185
0021100682,116,87,29,203
0021100390,106,89,17,195
0021100173,83,97,14,180
0021100076,101,115,14,216
0021100843,89,119,30,208
0021100911,77,92,15,169
0021100743,96,105,9,201
0021100984,75,107,32,182
0021100383,103,96,7,199
0021100266,111,106,5,217
0021100149,95,101,6,196
0021100060,82,98,16,180
0021100129,87,91,4,178
0021100447,85,94,9,179
0021100785,112,98,14,210
0021100197,98,120,22,218
0021100293,94,73,21,167
0021100094,116,109,7,225
0021100816,84,80,4,164
0021100721,76,88,12,164
0021100247,79,99,20,178
0021100726,102,96,6,198
0021100195,89,96,7,185
0021100747,82,94,12,176
0021100389,78,77,1,155
0021100179,94,107,13,201
0021100406,99,94,5,193
0021100038,82,99,17,181
0021100656,102,88,14,190
0021100866,98,84,14,182
0021100021,79,101,22,180
0021100462,81,96,15,177
0021100360,108,87,21,195
0021100877,83,102,19,185
0021100066,91,102,11,193
0021100217,76,90,14,166
0021100158,117,109,8,226
0021100426,92,109,17,201
0021100710,85,101,16,186
0021100334,94,102,8,196
0021100133,78,93,15,171
0021100643,84,78,6,162
0021100267,122,93,29,215
0021100538,107,115,8,222
0021100358,108,111,3,219
0021100106,98,87,11,185
0021100837,117,122,5,239
0021100581,110,92,18,202
0021100319,97,105,8,202
0021100096,100,103,3,203
0021100413,98,88,10,186
0021100982,104,84,20,188
0021100260,101,98,3,199
0021100407,98,84,14,182
0021100243,56,87,31,143
0021100373,105,99,6,204
0021100731,105,84,21,189
0021100956,98,114,16,212
0021100394,113,112,1,225
0021100119,88,87,1,175
0021100745,88,83,5,171
0021100646,88,102,14,190
0021100689,91,114,23,205
0021100856,100,110,10,210
0021100711,95,92,3,187
0021100632,87,107,20,194
0021100527,107,93,14,200
0021100277,100,107,7,207
0021100667,86,99,13,185
0021100382,105,95,10,200
0021100519,95,84,11,179
0021100354,97,117,20,214
0021100112,101,90,11,191
0021100508,85,88,3,173
0021100160,89,120,31,209
0021100211,88,92,4,180
0021100709,96,103,7,199
0021100584,91,104,13,195
0021100403,103,89,14,192
0021100300,98,88,10,186
0021100546,111,115,4,226
0021100860,86,88,2,174
0021100429,113,106,7,219
0021100503,86,83,3,169
0021100297,106,101,5,207
0021100012,115,93,22,208
0021100767,97,98,1,195
0021100671,105,100,5,205
0021100831,94,116,22,210
0021100619,96,88,8,184
0021100468,118,124,6,242
0021100015,91,100,9,191
0021100940,94,104,10,198
0021100775,111,99,12,210
0021100042,98,105,7,203
0021100758,76,97,21,173
0021100585,83,74,9,157
0021100909,121,123,2,244
0021100427,124,109,15,233
0021100759,99,88,11,187
0021100327,105,102,3,207
0021100952,106,114,8,220
0021100669,103,99,4,202
0021100498,95,103,8,198
0021100560,94,95,1,189
0021100485,97,137,40,234
0021100249,87,93,6,180
0021100200,80,97,17,177
0021100981,70,104,34,174
0021100156,83,94,11,177
0021100865,100,98,2,198
0021100050,89,92,3,181
0021100280,79,87,8,166
0021100281,101,116,15,217
0021100633,111,122,11,233
0021100295,100,101,1,201
0021100362,99,90,9,189
0021100693,85,83,2,168
0021100171,100,112,12,212
0021100067,92,100,8,192
0021100882,112,105,7,217
0021100135,100,86,14,186
0021100707,87,104,17,191
0021100582,99,94,5,193
0021100231,84,74,10,158
0021100356,89,95,6,184
0021100309,93,90,3,183
0021100600,95,89,6,184
0021100198,97,118,21,215
0021100100,99,96,3,195
0021100593,97,110,13,207
0021100540,90,97,7,187
0021100073,87,100,13,187
0021100093,89,117,28,206
0021100057,94,86,8,180
0021100733,108,91,17,199
0021100686,108,89,19,197
0021100202,108,104,4,212
0021100221,98,81,17,179
0021100422,99,95,4,194
0021100292,88,87,1,175
0021100226,94,91,3,185
0021100108,77,102,25,179
0021100967,66,78,12,144
0021100968,110,118,8,228
0021100017,91,99,8,190
0021100778,72,91,19,163
0021100132,85,112,27,197
0021100194,70,73,3,143
0021100521,95,104,9,199
0021100051,88,96,8,184
0021100262,105,99,6,204
0021100858,93,75,18,168
0021100744,86,108,22,194
0021100557,72,92,20,164
0021100251,91,90,1,181
0021100209,93,87,6,180
0021100063,90,99,9,189
0021100455,99,111,12,210
0021200965,96,85,11,181
0021200645,101,102,1,203
0021200610,99,106,7,205
0021200413,101,111,10,212
0021200914,92,107,15,199
0021200957,93,106,13,199
0021200621,93,106,13,199
0021200884,83,119,36,202
0021200203,105,98,7,203
0021200300,92,101,9,193
0021200892,97,81,16,178
0021200795,101,115,14,216
0021200088,112,109,3,221
0021200634,88,110,22,198
0021200920,103,92,11,195
0021201159,75,94,19,169
0021200081,93,83,10,176
0021200670,84,92,8,176
0021200453,91,81,10,172
0021200361,93,98,5,191
0021200303,74,92,18,166
0021200233,89,102,13,191
0021200878,114,122,8,236
0021200528,117,112,5,229
0021200826,114,90,24,204
0021201115,93,98,5,191
0021200496,86,109,23,195
0021200836,97,87,10,184
0021200951,98,108,10,206
0021200086,96,92,4,188
0021200411,105,92,13,197
0021200516,72,90,18,162
0021200006,105,96,9,201
0021200749,105,100,5,205
0021201057,107,88,19,195
0021200857,74,119,45,193
0021200093,91,106,15,197
0021200970,87,96,9,183
0021200879,94,109,15,203
0021200906,108,102,6,210
0021200034,99,126,27,225
0021200108,84,82,2,166
0021200029,100,107,7,207
0021201060,93,92,1,185
0021201049,108,94,14,202
0021201109,102,90,12,192
0021200128,112,96,16,208
0021201108,86,90,4,176
0021201221,105,95,10,200
0021201170,110,121,11,231
0021201139,96,105,9,201
0021200211,95,83,12,178
0021200582,98,94,4,192
0021200212,91,94,3,185
0021200761,107,90,17,197
0021200770,104,117,13,221
0021200518,83,99,16,182
0021201090,109,99,10,208
0021200650,110,114,4,224
0021200304,100,97,3,197
0021201189,116,118,2,234
0021201174,111,118,7,229
0021201215,77,93,16,170
0021201149,89,87,2,176
0021200434,105,106,1,211
0021200442,72,81,9,153
0021201073,117,103,14,220
0021200237,116,124,8,240
0021200607,100,94,6,194
0021200935,81,90,9,171
0021200256,105,107,2,212
0021201100,108,98,10,206
0021200161,112,100,12,212
0021200963,79,121,42,200
0021201066,120,117,3,237
0021200236,100,79,21,179
0021200174,76,86,10,162
0021200695,111,100,11,211
0021200930,85,96,11,181
0021200225,78,96,18,174
0021200460,97,103,6,200
0021200353,71,80,9,151
0021200155,102,80,22,182
0021200510,119,125,6,244
0021200384,68,100,32,168
0021200344,88,103,15,191
0021200209,82,84,2,166
0021200842,110,107,3,217
0021200760,111,117,6,228
0021200268,112,92,20,204
0021200375,127,131,4,258
0021200844,97,108,11,205
0021200704,93,113,20,206
0021200416,99,89,10,188
0021200412,97,94,3,191
0021200918,78,95,17,173
0021200939,96,98,2,194
0021200433,116,114,2,230
0021200801,91,125,34,216
0021201213,113,96,17,209
0021201113,95,82,13,177
0021201144,114,132,18,246
0021200563,118,124,6,242
0021200533,95,103,8,198
0021200305,94,100,6,194
0021200668,104,106,2,210
0021200825,118,94,24,212
0021200082,85,89,4,174
0021200357,113,99,14,212
0021201112,83,88,5,171
0021200904,87,77,10,164
0021200635,108,113,5,221
0021200263,103,87,16,190
0021200874,87,92,5,179
0021200863,94,116,22,210
0021200283,101,97,4,198
0021200526,94,87,7,181
0021200223,104,98,6,202
0021200787,110,100,10,210
0021201181,93,113,20,206
0021201010,94,106,12,200
0021200105,74,72,2,146
0021200404,96,108,12,204
0021200221,105,106,1,211
0021200318,88,92,4,180
0021200665,125,80,45,205
0021200192,100,121,21,221
0021200358,92,90,2,182
0021201132,95,93,2,188
0021200976,86,96,10,182
0021200838,72,102,30,174
0021200078,97,86,11,183
0021200240,77,92,15,169
0021201047,117,103,14,220
0021200512,77,87,10,164
0021200168,87,114,27,201
0021200824,113,99,14,212
0021200035,100,110,10,210
0021201162,96,104,8,200
0021201023,97,89,8,186
0021200151,105,101,4,206
0021200808,98,108,10,206
0021200182,95,103,8,198
0021200417,87,84,3,171
0021200396,88,110,22,198
0021200775,108,76,32,184
0021200485,85,109,24,194
0021200928,84,113,29,197
0021201044,104,97,7,201
0021200463,103,99,4,202
0021201003,90,83,7,173
0021200343,111,85,26,196
0021200721,88,69,19,157
0021200167,111,114,3,225
0021200314,97,95,2,192
0021200806,96,111,15,207
0021200816,108,122,14,230
0021200362,100,107,7,207
0021201135,117,108,9,225
0021200769,108,109,1,217
0021200682,89,106,17,195
0021200335,94,99,5,193
0021200293,97,88,9,185
0021200333,103,113,10,216
0021201216,90,114,24,204
0021201098,88,86,2,174
0021200018,109,102,7,211
0021200954,83,107,24,190
0021201198,109,118,9,227
0021200601,103,108,5,211
0021200409,100,112,12,212
0021201219,98,105,7,203
0021200940,100,77,23,177
0021200111,85,99,14,184
0021201127,97,91,6,188
0021201007,101,116,15,217
0021200641,84,102,18,186
0021200364,100,101,1,201
0021201130,97,75,22,172
0021200960,92,96,4,188
0021200828,103,102,1,205
0021200001,84,94,10,178
0021200071,94,104,10,198
0021200652,98,100,2,198
0021200889,102,97,5,199
0021200056,73,103,30,176
0021200709,90,98,8,188
0021200823,103,105,2,208
0021200868,91,98,7,189
0021200562,102,90,12,192
0021201117,84,98,14,182
0021200903,96,97,1,193
0021201075,107,118,11,225
0021200679,110,118,8,228
0021200189,97,108,11,205
0021201004,73,95,22,168
0021200360,89,100,11,189
0021200531,91,103,12,194
0021200010,87,85,2,172
0021200573,90,78,12,168
0021201081,93,101,8,194
0021200472,110,93,17,203
0021200509,113,81,32,194
0021200532,79,99,20,178
0021200094,90,103,13,193
0021200106,101,114,13,215
0021200173,100,108,8,208
0021200188,93,86,7,179
0021201022,99,94,5,193
0021200952,81,98,17,179
0021201204,96,95,1,191
0021200934,79,91,12,170
0021200267,90,112,22,202
0021200348,122,97,25,219
0021200252,101,105,4,206
0021200147,96,89,7,185
0021200588,89,94,5,183
0021200839,90,84,6,174
0021201096,92,112,20,204
0021200407,97,103,6,200
0021200471,92,104,12,196
0021200470,117,110,7,227
0021201085,98,100,2,198
0021200912,83,87,4,170
0021200620,82,85,3,167
0021201145,125,120,5,245
0021200907,82,87,5,169
0021201185,105,108,3,213
0021201223,70,86,16,156
0021200052,97,109,12,206
0021200623,91,83,8,174
0021200595,85,82,3,167
0021200133,83,76,7,159
0021200876,97,104,7,201
0021200269,97,94,3,191
0021201036,106,110,4,216
0021200292,83,102,19,185
0021200803,97,94,3,191
0021200427,81,97,16,178
0021201032,103,100,3,203
0021200059,93,87,6,180
0021200829,94,107,13,201
0021200995,111,90,21,201
0021200028,98,106,8,204
0021200015,89,90,1,179
0021200853,105,109,4,214
0021200973,100,108,8,208
0021200916,115,86,29,201
0021201165,103,98,5,201
0021200763,100,92,8,192
0021200691,76,85,9,161
0021200393,81,75,6,156
0021200102,95,87,8,182
0021200764,89,84,5,173
0021200783,63,99,36,162
0021201129,101,90,11,191
0021201134,111,107,4,218
0021200675,105,85,20,190
0021200477,101,97,4,198
0021200854,96,95,1,191
0021200942,97,129,32,226
0021201195,87,93,6,180
0021200687,89,93,4,182
0021200166,101,94,7,195
0021200809,86,67,19,153
0021200571,86,97,11,183
0021200593,97,93,4,190
0021200692,98,113,15,211
0021200367,86,100,14,186
0021200544,100,107,7,207
0021201111,78,88,10,166
0021200799,105,99,6,204
0021201202,95,106,11,201
0021201042,95,96,1,191
0021200515,103,108,5,211
0021200882,87,90,3,177
0021200877,85,96,11,181
0021200640,105,95,10,200
0021200024,89,92,3,181
0021200958,91,107,16,198
0021200354,93,107,14,200
0021200194,101,104,3,205
0021200581,90,77,13,167
0021201191,120,88,32,208
0021201030,97,104,7,201
0021200514,112,125,13,237
0021200966,97,105,8,202
0021200810,116,90,26,206
0021200550,107,96,11,203
0021200945,90,103,13,193
0021200250,102,94,8,196
0021200491,80,95,15,175
0021200062,86,95,9,181
0021200897,105,122,17,227
0021200785,100,123,23,223
0021200663,85,93,8,178
0021200458,103,94,9,197
0021200495,99,96,3,195
0021200279,99,131,32,230
0021200378,110,95,15,205
0021200638,100,82,18,182
0021200205,91,78,13,169
0021200659,114,102,12,216
0021201102,102,131,29,233
0021201029,94,104,10,198
0021200888,98,99,1,197
0021200345,99,86,13,185
0021200403,103,77,26,180
0021200253,117,111,6,228
0021200886,75,114,39,189
0021201207,112,111,1,223
0021200894,105,122,17,227
0021200924,112,121,9,233
0021200898,120,113,7,233
0021200127,95,105,10,200
0021200618,104,92,12,196
0021200690,99,117,18,216
0021200439,123,88,35,211
0021200457,73,104,31,177
0021200436,89,96,7,185
0021201197,77,91,14,168
0021200031,89,82,7,171
0021200315,115,117,2,232
0021200449,111,86,25,197
0021200372,103,125,22,228
0021200724,95,122,27,217
0021200873,68,98,30,166
0021200794,90,97,7,187
0021201192,91,87,4,178
0021200859,102,91,11,193
0021200748,76,87,11,163
0021200206,101,117,16,218
0021200169,97,113,16,210
0021200073,85,93,8,178
0021200299,104,96,8,200
0021200790,105,92,13,197
0021201002,76,99,23,175
0021200145,94,102,8,196
0021200289,93,83,10,176
0021201046,102,100,2,202
0021201123,92,90,2,182
0021200883,108,82,26,190
0021200096,105,96,9,201
0021200475,94,115,21,209
0021200837,86,92,6,178
0021200866,118,110,8,228
0021200162,100,101,1,201
0021200689,80,89,9,169
0021200276,73,91,18,164
0021200142,99,90,9,189
0021200347,111,98,13,209
0021201200,100,121,21,221
0021200732,86,100,14,186
0021200113,107,97,10,204
0021200008,99,95,4,194
0021200677,96,90,6,186
0021200778,69,71,2,140
0021200716,92,83,9,175
0021200855,84,90,6,174
0021201052,91,107,16,198
0021200443,124,94,30,218
0021200706,98,97,1,195
0021201069,105,98,7,203
0021200833,105,109,4,214
0021200631,88,93,5,181
0021200232,103,122,19,225
0021200608,96,104,8,200
0021200843,98,84,14,182
0021200178,103,131,28,234
0021200759,97,69,28,166
0021201196,80,90,10,170
0021200114,89,87,2,176
0021200139,76,88,12,164
0021200968,90,105,15,195
0021200747,111,103,8,214
0021200342,106,114,8,220
0021200811,98,100,2,198
0021200418,80,100,20,180
0021200911,101,117,16,218
0021200117,100,107,7,207
0021200819,111,127,16,238
0021200865,96,88,8,184
0021200290,116,109,7,225
0021200881,108,104,4,212
0021200793,96,87,9,183
0021200089,107,101,6,208
0021200867,86,94,8,180
0021200259,94,104,10,198
0021201153,96,91,5,187
0021200726,108,114,6,222
0021200552,88,106,18,194
0021200767,102,90,12,192
0021200546,97,81,16,178
0021200688,86,96,10,182
0021200798,88,82,6,170
0021200264,99,110,11,209
0021201039,92,101,9,193
0021200997,119,82,37,201
0021201124,94,95,1,189
0021200122,93,99,6,192
0021200996,127,113,14,240
0021201095,92,109,17,201
0021201169,102,91,11,193
0021200007,87,93,6,180
0021201118,113,96,17,209
0021200703,99,105,6,204
0021200459,105,100,5,205
0021200405,93,76,17,169
0021201021,98,101,3,199
0021200852,92,103,11,195
0021201211,112,119,7,231
0021200542,83,93,10,176
0021201210,96,80,16,176
0021200830,103,99,4,202
0021201091,107,116,9,223
0021200500,71,99,28,170
0021200451,96,107,11,203
0021200429,102,94,8,196
0021201038,95,101,6,196
0021201114,113,95,18,208
0021200483,75,94,19,169
0021200337,115,93,22,208
0021200944,93,105,12,198
0021200567,117,109,8,226
0021200625,88,92,4,180
0021200027,89,86,3,175
0021200421,99,97,2,196
0021200286,90,106,16,196
0021200210,110,89,21,199
0021200818,104,100,4,204
0021200603,88,103,15,191
0021201172,86,96,10,182
0021201226,95,89,6,184
0021200655,91,83,8,174
0021200751,109,120,11,229
0021201084,105,95,10,200
0021201203,102,84,18,186
0021201005,95,102,7,197
0021200744,96,127,31,223
0021200332,89,101,12,190
0021200559,99,73,26,172
0021200452,83,88,5,171
0021200753,97,107,10,204
0021200964,94,117,23,211
0021200061,104,109,5,213
0021201040,104,99,5,203
0021200331,113,102,11,215
0021200040,104,95,9,199
0021200346,96,103,7,199
0021200246,79,89,10,168
0021200666,108,95,13,203
0021201065,80,103,23,183
0021200961,81,111,30,192
0021201184,82,78,4,160
0021200187,115,89,26,204
0021201193,93,105,12,198
0021200715,103,114,11,217
0021200248,110,113,3,223
0021200043,107,96,11,203
0021200202,103,105,2,208
0021200919,102,99,3,201
0021200238,88,91,3,179
0021200847,101,97,4,198
0021200112,96,100,4,196
0021201206,101,109,8,210
0021201086,88,97,9,185
0021200376,77,93,16,170
0021200617,109,97,12,206
0021200037,84,100,16,184
0021200069,107,68,39,175
0021200466,97,94,3,191
0021200702,86,96,10,182
0021200077,105,107,2,212
0021200444,107,111,4,218
0021200461,95,86,9,181
0021200125,110,95,15,205
0021200979,105,127,22,232
0021200541,104,101,3,205
0021200103,76,92,16,168
0021200925,116,118,2,234
0021200176,104,97,7,201
0021201224,87,99,12,186
0021200045,94,103,9,197
0021200569,88,104,16,192
0021201079,94,103,9,197
0021201163,89,105,16,194
0021200529,90,92,2,182
0021201076,102,111,9,213
0021200426,91,97,6,188
0021200555,93,113,20,206
0021200734,96,128,32,224
0021201138,85,104,19,189
0021200870,98,90,8,188
0021200076,94,96,2,190
0021200295,106,112,6,218
0021201028,78,116,38,194
0021200771,101,108,7,209
0021200718,109,140,31,249
0021200319,105,108,3,213
0021200390,96,87,9,183
0021201033,92,91,1,183
0021201013,86,87,1,173
0021200044,99,124,25,223
0021200467,81,89,8,170
0021200746,93,89,4,182
0021200408,120,97,23,217
0021200984,101,112,11,213
0021200070,106,100,6,206
0021200955,102,97,5,199
0021200033,102,105,3,207
0021201116,107,98,9,205
0021200766,103,89,14,192
0021200616,102,110,8,212
0021200657,95,110,15,205
0021201177,97,86,11,183
0021200014,84,86,2,170
0021200066,97,91,6,188
0021200534,108,101,7,209
0021200368,83,90,7,173
0021200422,91,109,18,200
0021200604,118,121,3,239
0021200994,114,119,5,233
0021200813,105,75,30,180
0021200134,94,87,7,181
0021200741,89,111,22,200
0021200425,97,105,8,202
0021201167,111,104,7,215
0021200220,100,105,5,205
0021200191,111,106,5,217
0021200626,106,96,10,202
0021200731,104,94,10,198
0021200365,96,103,7,199
0021200397,93,96,3,189
0021201222,92,95,3,187
0021200614,90,95,5,185
0021200261,104,97,7,201
0021200420,94,83,11,177
0021200971,99,93,6,192
0021200773,85,91,6,176
0021200424,77,106,29,183
0021200090,74,82,8,156
0021200438,100,109,9,209
0021201217,99,103,4,202
0021201020,100,101,1,201
0021200502,92,81,11,173
0021200729,98,119,21,217
0021201080,108,89,19,197
0021200163,106,113,7,219
0021200605,82,81,1,163
0021201103,90,92,2,182
0021200676,104,88,16,192
0021200104,99,89,10,188
0021200499,104,92,12,196
0021200576,82,103,21,185
0021200710,85,99,14,184
0021200752,102,88,14,190
0021201099,89,108,19,197
0021200678,78,102,24,180
0021200896,109,101,8,210
0021200871,95,100,5,195
0021200141,79,86,7,165
0021200017,99,88,11,187
0021200931,88,111,23,199
0021200505,102,96,6,198
0021201121,101,126,25,227
0021201026,89,103,14,192
0021200370,91,103,12,194
0021200909,83,101,18,184
0021200382,99,94,5,193
0021201071,103,113,10,216
0021201160,98,101,3,199
0021201074,92,97,5,189
0021200207,97,89,8,186
0021201225,108,95,13,203
0021201179,104,109,5,213
0021201173,95,111,16,206
0021201087,92,100,8,192
0021200583,99,90,9,189
0021200558,58,97,39,155
0021201068,88,103,15,191
0021200600,87,94,7,181
0021200177,98,106,8,204
0021200084,80,87,7,167
0021200594,98,93,5,191
0021201054,100,85,15,185
0021200646,106,119,13,225
0021201178,117,109,8,226
0021200075,94,105,11,199
0021201067,99,100,1,199
0021200324,90,98,8,188
0021200929,87,104,17,191
0021200684,73,98,25,171
0021200371,100,92,8,192
0021200181,108,111,3,219
0021201082,102,104,2,206
0021200654,104,102,2,206
0021201061,101,108,7,209
0021200980,88,105,17,193
0021201024,78,102,24,180
0021200804,119,122,3,241
0021200669,106,111,5,217
0021201041,77,109,32,186
0021200834,95,110,15,205
0021200038,86,105,19,191
0021200230,85,95,10,180
0021201152,95,92,3,187
0021201035,84,87,3,171
0021200519,79,87,8,166
0021200149,72,81,9,153
0021200049,108,101,7,209
0021201186,101,108,7,209
0021200786,96,106,10,202
0021200195,116,110,6,226
0021200807,99,113,14,212
0021200800,100,105,5,205
0021200273,95,104,9,199
0021200851,125,101,24,226
0021200899,99,78,21,177
0021201227,98,118,20,216
0021201131,86,87,1,173
0021200517,112,102,10,214
0021200681,86,92,6,178
0021200506,92,118,26,210
0021200399,92,95,3,187
0021200893,88,104,16,192
0021200905,85,91,6,176
0021200895,118,125,7,243
0021201164,124,101,23,225
0021200350,93,102,9,195
0021200522,105,108,3,213
0021200717,96,90,6,186
0021200644,73,86,13,159
0021200923,136,106,30,242
0021201059,108,114,6,222
0021200900,101,104,3,205
0021200908,108,112,4,220
0021200099,113,110,3,223
0021201143,97,99,2,196
0021200872,102,130,28,232
0021200589,69,85,16,154
0021200568,111,115,4,226
0021200708,61,78,17,139
0021200673,97,113,16,210
0021201136,116,98,18,214
0021200186,108,110,2,218
0021200557,89,100,11,189
0021200048,92,94,2,186
0021200231,97,92,5,189
0021200969,78,92,14,170
0021200489,89,81,8,170
0021200204,98,100,2,198
0021200325,74,95,21,169
0021200577,94,95,1,189
0021201137,84,86,2,170
0021200160,107,115,8,222
0021200003,99,91,8,190
0021200021,86,88,2,174
0021200901,83,81,2,164
0021201142,83,100,17,183
0021200296,98,90,8,188
0021200653,96,105,9,201
0021200730,99,105,6,204
0021200498,89,115,26,204
0021200543,88,96,8,184
0021200520,104,96,8,200
0021200758,111,86,25,197
0021201072,103,78,25,181
0021200080,77,101,24,178
0021200143,109,119,10,228
0021200121,98,93,5,191
0021200566,106,113,7,219
0021201093,103,98,5,201
0021200570,107,105,2,212
0021200200,78,84,6,162
0021201229,112,108,4,220
0021200242,92,103,11,195
0021201122,88,98,10,186
0021200948,74,100,26,174
0021200949,106,97,9,203
0021200379,93,101,8,194
0021200956,98,94,4,192
0021200579,92,75,17,167
0021200159,83,92,9,175
0021201182,101,91,10,192
0021200827,90,72,18,162
0021201048,94,107,13,201
0021200450,96,118,22,214
0021200274,108,104,4,212
0021201141,101,107,6,208
0021200999,119,118,1,237
0021200739,109,119,10,228
0021200244,113,103,10,216
0021200455,104,123,19,227
0021200277,93,108,15,201
0021200648,99,108,9,207
0021200170,93,102,9,195
0021200941,115,113,2,228
0021201006,114,104,10,218
0021200880,99,93,6,192
0021200637,77,101,24,178
0021200864,93,81,12,174
0021200988,108,78,30,186
0021201199,107,89,18,196
0021200796,108,102,6,210
0021200486,115,101,14,216
0021200064,84,106,22,190
0021200561,97,104,7,201
0021201053,103,109,6,212
0021200660,103,100,3,203
0021200981,91,98,7,189
0021201180,101,109,8,210
0021201055,105,82,23,187
0021200002,107,120,13,227
0021200986,109,115,6,224
0021200921,93,102,9,195
0021200611,90,85,5,175
0021200392,89,105,16,194
0021200615,90,105,15,195
0021200910,98,71,27,169
0021200805,87,94,7,181
0021200129,117,119,2,236
0021200349,94,95,1,189
0021201168,101,93,8,194
0021200932,105,107,2,212
0021200156,90,95,5,185
0021200840,114,103,11,217
0021201154,94,99,5,193
0021200774,116,107,9,223
0021200288,85,93,8,178
0021200302,96,119,23,215
0021200310,86,80,6,166
0021200627,80,100,20,180
0021200848,95,90,5,185
0021200993,100,101,1,201
0021200415,93,108,15,201
0021200440,100,103,3,203
0021200636,87,103,16,190
0021200991,105,93,12,198
0021200464,79,102,23,181
0021200257,100,98,2,198
0021201228,95,99,4,194
0021200728,84,93,9,177
0021200065,96,106,10,202
0021200227,113,111,2,224
0021200936,96,100,4,196
0021200812,113,119,6,232
0021201088,81,98,17,179
0021200642,99,98,1,197
0021200612,83,95,12,178
0021200982,113,119,6,232
0021201120,94,76,18,170
0021201092,112,104,8,216
0021200152,92,87,5,179
0021200012,106,116,10,222
0021200030,116,119,3,235
0021200685,89,102,13,191
0021200185,93,104,11,197
0021200540,97,103,6,200
0021200664,101,102,1,203
0021200119,97,102,5,199
0021200887,92,97,5,189
0021200511,109,89,20,198
0021200661,96,94,2,190
0021201037,95,101,6,196
0021200765,105,86,19,191
0021200835,93,99,6,192
0021200822,101,107,6,208
0021200323,107,116,9,223
0021200020,84,104,20,188
0021200260,104,108,4,212
0021200504,99,101,2,200
0021200478,105,96,9,201
0021201097,94,95,1,189
0021200698,110,115,5,225
0021200414,119,126,7,245
0021200193,85,98,13,183
0021201148,85,91,6,176
0021200050,93,99,6,192
0021200338,102,103,1,205
0021200087,81,94,13,175
0021200820,113,88,25,201
0021200272,109,102,7,211
0021201001,93,72,21,165
0021200266,100,107,7,207
0021200131,89,107,18,196
0021200624,102,106,4,208
0021200580,102,87,15,189
0021200154,98,106,8,204
0021201158,101,98,3,199
0021201110,81,101,20,182
0021200974,104,117,13,221
0021200447,83,101,18,184
0021200317,93,99,6,192
0021200437,98,95,3,193
0021200488,102,107,5,209
0021200312,96,89,7,185
0021200556,91,120,29,211
0021200513,99,108,9,207
0021201205,101,106,5,207
0021200875,103,105,2,208
0021200280,108,114,6,222
0021200053,117,110,7,227
0021201016,93,104,11,197
0021200548,128,99,29,227
0021200055,86,89,3,175
0021200137,100,126,26,226
0021200025,105,95,10,200
0021200150,97,92,5,189
0021200402,91,129,38,220
0021200694,109,99,10,208
0021200727,93,90,3,183
0021200735,74,89,15,163
0021200363,106,112,6,218
0021200756,104,110,6,214
0021200572,95,109,14,204
0021200092,86,104,18,190
0021200554,87,83,4,170
0021200628,99,104,5,203
0021201218,92,98,6,190
0021200693,77,86,9,163
0021200005,75,84,9,159
0021200356,100,95,5,195
0021200523,84,106,22,190
0021200377,93,99,6,192
0021200699,95,109,14,204
0021200524,105,108,3,213
0021201063,105,91,14,196
0021201128,83,101,18,184
0021200219,95,101,6,196
0021200492,93,113,20,206
0021200431,106,85,21,191
0021200850,84,106,22,190
0021200869,105,89,16,194
0021200301,134,126,8,260
0021201050,94,100,6,194
0021200097,92,90,2,182
0021200508,94,100,6,194
0021200696,93,76,17,169
0021200326,102,96,6,198
0021200226,87,108,21,195
0021200733,95,116,21,211
0021200560,98,113,15,211
0021200270,94,95,1,189
0021201157,83,94,11,177
0021200271,92,89,3,181
0021200967,91,92,1,183
0021200297,117,110,7,227
0021200598,98,109,11,207
0021200183,116,109,7,225
0021200831,76,72,4,148
0021200184,108,106,2,214
0021200216,82,103,21,185
0021200298,97,104,7,201
0021201133,83,95,12,178
0021200737,100,98,2,198
0021200789,96,88,8,184
0021200933,103,93,10,196
0021200592,117,114,3,231
0021200845,129,141,12,270
0021200978,113,95,18,208
0021200383,110,106,4,216
0021201083,87,109,22,196
0021200339,72,102,30,174
0021201089,99,86,13,185
0021200672,81,99,18,180
0021200959,88,112,24,200
0021200530,78,99,21,177
0021200700,86,115,29,201
0021200428,99,109,10,208
0021200474,89,95,6,184
0021200468,93,83,10,176
0021200985,108,91,17,199
0021200927,93,80,13,173
0021201017,88,79,9,167
0021200120,104,100,4,204
0021200262,95,85,10,180
0021201104,103,111,8,214
0021200757,88,105,17,193
0021200107,103,86,17,189
0021200132,80,101,21,181
0021200171,101,91,10,192
0021200841,108,119,11,227
0021200622,105,95,10,200
0021200158,74,90,16,164
0021201151,97,90,7,187
0021200630,89,86,3,175
0021200341,82,83,1,165
0021200647,102,109,7,211
0021200713,100,98,2,198
0021200307,77,70,7,147
0021200074,99,107,8,206
0021200144,83,103,20,186
0021200596,116,112,4,228
0021200322,90,113,23,203
0021200435,87,104,17,191
0021200745,100,94,6,194
0021200525,93,99,6,192
0021200123,110,106,4,216
0021200291,99,80,19,179
0021200591,112,108,4,220
0021200400,91,94,3,185
0021200802,103,90,13,193
0021200962,87,110,23,197
0021200251,105,88,17,193
0021200821,107,111,4,218
0021200456,96,114,18,210
0021200683,97,100,3,197
0021200046,91,114,23,205
0021200179,91,102,11,193
0021200328,105,107,2,212
0021200042,110,88,22,198
0021200389,100,115,15,215
0021200750,91,116,25,207
0021200902,96,107,11,203
0021200465,96,94,2,190
0021201012,89,90,1,179
0021200549,87,100,13,187
0021200586,106,100,6,206
0021200481,96,89,7,185
0021201156,99,120,21,219
0021200922,88,89,1,177
0021201220,93,105,12,198
0021200777,77,101,24,178
0021200527,76,81,5,157
0021200779,108,119,11,227
0021200359,92,103,11,195
0021200060,75,90,15,165
0021200913,95,94,1,189
0021200490,114,106,8,220
0021200738,111,100,11,211
0021200493,112,104,8,216
0021200983,84,90,6,174
0021200938,91,105,14,196
0021200095,140,133,7,273
0021200395,94,82,12,176
0021200885,103,136,33,239
0021200258,92,99,7,191
0021200406,94,100,6,194
0021200497,91,110,19,201
0021200578,93,88,5,181
0021201201,86,91,5,177
0021200201,69,114,45,183
0021200016,89,102,13,191
0021200366,91,97,6,188
0021201105,100,110,10,210
0021200846,101,98,3,199
0021200547,83,104,21,187
0021200157,97,98,1,195
0021201119,112,102,10,214
0021200022,92,106,14,198
0021200373,104,121,17,225
0021200584,100,99,1,199
0021200780,92,88,4,180
0021200476,83,100,17,183
0021200247,81,102,21,183
0021201025,104,93,11,197
0021200680,99,104,5,203
0021200671,79,98,19,177
0021200446,85,89,4,174
0021200140,86,97,11,183
0021200781,85,96,11,181
0021201147,96,107,11,203
0021200265,81,87,6,168
0021200705,104,106,2,210
0021200862,82,93,11,175
0021200374,80,90,10,170
0021200164,111,117,6,228
0021200537,103,87,16,190
0021200711,94,99,5,193
0021200197,118,92,26,210
0021200754,114,118,4,232
0021201209,95,104,9,199
0021200597,79,92,13,171
0021200101,100,110,10,210
0021200856,110,107,3,217
0021200448,94,96,2,190
0021200285,79,92,13,171
0021201018,72,101,29,173
0021200313,100,94,6,194
0021200701,98,107,9,205
0021200521,79,88,9,167
0021200136,113,117,4,230
0021200287,104,97,7,201
0021200674,92,93,1,185
0021200791,111,113,2,224
0021200772,94,109,15,203
0021200430,104,97,7,201
0021201166,103,113,10,216
0021200214,78,101,23,179
0021200196,84,102,18,186
0021201125,88,100,12,188
0021200009,94,113,19,207
0021200633,111,123,12,234
0021200858,105,101,4,206
0021200124,83,103,20,186
0021200494,102,97,5,199
0021201014,93,100,7,193
0021200321,96,99,3,195
0021200697,81,120,39,201
0021200063,103,105,2,208
0021200255,98,108,10,206
0021200755,89,102,13,191
0021200057,108,90,18,198
0021200284,132,102,30,234
0021200917,102,107,5,209
0021200998,105,103,2,208
0021201058,92,100,8,192
0021200947,63,92,29,155
0021200723,86,76,10,162
0021200019,115,86,29,201
0021200469,109,119,10,228
0021200239,95,99,4,194
0021200943,97,106,9,203
0021200950,90,95,5,185
0021200109,94,76,18,170
0021200135,103,95,8,198
0021200013,89,96,7,185
0021200575,100,105,5,205
0021200926,94,88,6,182
0021200023,80,92,12,172
0021200213,77,117,40,194
0021200085,82,96,14,178
0021200398,118,115,3,233
0021200602,111,105,6,216
0021200817,82,88,6,170
0021200330,85,99,14,184
0021200714,91,98,7,189
0021200776,96,95,1,191
0021201140,87,106,19,193
0021200989,95,97,2,192
0021200336,107,98,9,205
0021200662,77,97,20,174
0021201078,97,87,10,184
0021200067,103,90,13,193
0021200462,78,92,14,170
0021200130,102,114,12,216
0021200890,108,109,1,217
0021201008,101,107,6,208
0021200977,80,87,7,167
0021201230,99,88,11,187
0021200606,105,114,9,219
0021200551,86,97,11,183
0021200036,114,110,4,224
0021200629,97,95,2,192
0021200814,82,114,32,196
0021200972,94,107,13,201
0021200768,105,101,4,206
0021201045,108,113,5,221
0021201019,99,89,10,188
0021200782,92,94,2,186
0021200388,85,97,12,182
0021200241,81,116,35,197
0021200116,112,106,6,218
0021200072,95,89,6,184
0021200419,114,126,12,240
0021201043,83,103,20,186
0021200987,80,93,13,173
0021200651,100,101,1,201
0021200609,88,85,3,173
0021200387,94,99,5,193
0021200320,80,82,2,162
0021200574,97,117,20,214
0021201161,90,80,10,170
0021200334,84,99,15,183
0021200643,80,97,17,177
0021200432,116,122,6,238
0021200118,88,92,4,180
0021200946,108,93,15,201
0021200091,76,89,13,165
0021200539,116,101,15,217
0021200180,102,104,2,206
0021200585,101,108,7,209
0021200649,93,121,28,214
0021201175,116,97,19,213
0021200480,106,104,2,210
0021200445,85,104,19,189
0021200165,89,93,4,182
0021200482,84,85,1,169
0021200218,98,120,22,218
0021200148,98,102,4,200
0021200039,94,115,21,209
0021201107,109,106,3,215
0021200351,109,96,13,205
0021200041,79,108,29,187
0021200473,84,106,22,190
0021200172,104,108,4,212
0021200658,83,96,13,179
0021200797,102,98,4,200
0021200146,108,119,11,227
0021200553,105,116,11,221
0021200011,92,101,9,193
0021200545,90,87,3,177
0021200327,85,95,10,180
0021200742,93,99,6,192
0021200725,92,103,11,195
0021200235,88,93,5,181
0021200228,78,90,12,168
0021200079,84,104,20,188
0021201015,113,96,17,209
0021201101,94,102,8,196
0021200937,91,99,8,190
0021200656,104,106,2,210
0021200487,87,80,7,167
0021200282,99,117,18,216
0021200599,110,104,6,214
0021201188,106,90,16,196
0021200915,116,94,22,210
0021200639,113,107,6,220
0021201031,117,86,31,203
0021200051,88,108,20,196
0021200215,102,88,14,190
0021200535,98,101,3,199
0021200217,96,84,12,180
0021200254,80,76,4,156
0021201064,100,91,9,191
0021200479,115,113,2,228
0021200054,94,100,6,194
0021200110,93,98,5,191
0021200083,97,101,4,198
0021200953,115,108,7,223
0021200316,85,98,13,183
0021200275,96,89,7,185
0021201183,96,93,3,189
0021200501,108,101,7,209
0021200032,95,85,10,180
0021200619,116,123,7,239
0021200281,82,91,9,173
0021200538,91,98,7,189
0021200667,117,90,27,207
0021200391,75,92,17,167
0021201027,83,90,7,173
0021201146,95,109,14,204
0021200565,103,76,27,179
0021200175,90,91,1,181
0021200355,90,101,11,191
0021200385,99,89,10,188
0021200423,105,111,6,216
0021200587,95,105,10,200
0021200229,94,106,12,200
0021200719,104,112,8,216
0021201062,97,101,4,198
0021200380,90,93,3,183
0021200224,98,86,12,184
0021200736,100,93,7,193
0021200222,97,101,4,198
0021200208,79,77,2,156
0021200788,125,101,24,226
0021201070,111,93,18,204
0021200861,99,91,8,190
0021200190,85,96,11,181
0021200309,94,88,6,182
0021200115,101,107,6,208
0021201150,85,99,14,184
0021201051,86,110,24,196
0021201009,98,95,3,193
0021200245,118,112,6,230
0021200832,100,99,1,199
0021201077,99,82,17,181
0021200507,88,95,7,183
0021200712,91,112,21,203
0021200026,104,94,10,198
0021200243,99,106,7,205
0021200410,87,84,3,171
0021200975,107,94,13,201
0021200386,82,92,10,174
0021200740,108,119,11,227
0021200199,93,92,1,185
0021201171,113,106,7,219
0021200590,88,95,7,183
0021200441,77,87,10,164
0021201194,93,105,12,198
0021200340,88,77,11,165
0021200613,98,95,3,193
0021200126,106,98,8,204
0021200311,81,96,15,177
0021201212,106,116,10,222
0021201190,85,95,10,180
0021200294,93,104,11,197
0021200306,101,94,7,195
0021200394,96,121,25,217
0021200369,84,104,20,188
0021200860,111,109,2,220
0021200503,112,105,7,217
0021200138,97,88,9,185
0021200722,96,106,10,202
0021201187,100,107,7,207
0021200454,112,110,2,222
0021200098,101,95,6,196
0021200401,97,93,4,190
0021200743,103,118,15,221
0021201155,83,104,21,187
0021200990,107,101,6,208
0021200329,90,86,4,176
0021201011,90,98,8,188
0021201056,102,109,7,211
0021201034,84,110,26,194
0021200686,84,97,13,181
0021200536,92,104,12,196
0021201208,103,97,6,200
0021200100,90,82,8,172
0021200278,92,114,22,206
0021201126,89,79,10,168
0021200484,86,84,2,170
0021200058,77,62,15,139
0021200381,80,99,19,179
0021200308,94,89,5,183
0021200849,83,84,1,167
0021200198,101,108,7,209
0021200707,100,85,15,185
0021201176,88,97,9,185
0021200004,90,88,2,178
0021200068,101,91,10,192
0021201094,98,125,27,223
0021200564,111,99,12,210
0021200047,79,101,22,180
0021200784,97,93,4,190
0021200762,91,94,3,185
0021200720,99,95,4,194
0021200891,105,102,3,207
0021200153,91,102,11,193
0021201106,102,112,10,214
0021200234,118,117,1,235
0021200815,106,96,10,202
0021201000,77,92,15,169
0021200792,105,91,14,196
0021200352,88,76,12,164
0021200992,102,113,11,215
0021200249,105,104,1,209
0021200632,101,114,13,215
0021300817,124,112,12,236
0021301133,111,102,9,213
0021300924,98,103,5,201
0021300307,85,94,9,179
0021300511,88,107,19,195
0021300434,103,108,5,211
0021300738,87,102,15,189
0021300058,116,101,15,217
0021300571,111,108,3,219
0021300558,102,88,14,190
0021300251,115,113,2,228
0021300762,84,93,9,177
0021300907,108,88,20,196
0021300861,80,124,44,204
0021300674,104,92,12,196
0021301176,96,86,10,182
0021300975,87,80,7,167
0021300597,104,114,10,218
0021300838,115,112,3,227
0021300590,117,109,8,226
0021300481,113,104,9,217
0021300105,103,109,6,212
0021300007,102,113,11,215
0021300487,108,111,3,219
0021300126,96,80,16,176
0021300836,90,105,15,195
0021300264,107,97,10,204
0021300342,88,85,3,173
0021301212,97,91,6,188
0021300697,96,97,1,193
0021300359,94,130,36,224
0021300323,106,111,5,217
0021300553,101,108,7,209
0021301191,91,104,13,195
0021300911,118,106,12,224
0021300146,103,110,7,213
0021300970,102,131,29,233
0021300891,80,96,16,176
0021301226,92,95,3,187
0021300401,107,110,3,217
0021300939,113,118,5,231
0021300452,111,104,7,215
0021300589,109,100,9,209
0021300981,94,115,21,209
0021300923,104,112,8,216
0021301130,80,91,11,171
0021300003,103,116,13,219
0021301045,106,100,6,206
0021300225,99,103,4,202
0021300781,89,105,16,194
0021300896,107,106,1,213
0021300189,89,98,9,187
0021300506,86,91,5,177
0021300012,109,118,9,227
0021300127,103,113,10,216
0021300286,109,95,14,204
0021301010,99,104,5,203
0021300977,111,103,8,214
0021300096,94,101,7,195
0021300799,112,107,5,219
0021300587,110,89,21,199
0021300633,105,114,9,219
0021300099,79,95,16,174
0021300450,86,117,31,203
0021300594,92,106,14,198
0021300700,96,113,17,209
0021301131,94,102,8,196
0021300254,103,99,4,202
0021300685,103,110,7,213
0021301109,94,92,2,186
0021300075,91,89,2,180
0021300998,95,108,13,203
0021300874,98,112,14,210
0021300027,81,100,19,181
0021300569,83,88,5,171
0021300713,96,102,6,198
0021300279,87,107,20,194
0021300013,94,101,7,195
0021300202,96,86,10,182
0021300050,118,137,19,255
0021300051,104,95,9,199
0021300173,88,81,7,169
0021301205,100,110,10,210
0021300856,89,108,19,197
0021301009,96,101,5,197
0021300484,95,92,3,187
0021300411,119,121,2,240
0021300421,111,98,13,209
0021300118,99,111,12,210
0021300185,95,98,3,193
0021300391,91,104,13,195
0021300374,113,107,6,220
0021300382,104,102,2,206
0021300404,79,106,27,185
0021300957,96,95,1,191
0021301194,104,111,7,215
0021300773,89,92,3,181
0021300333,86,90,4,176
0021300894,88,114,26,202
0021300615,102,94,8,196
0021300263,111,87,24,198
0021300632,105,110,5,215
0021300853,101,90,11,191
0021300513,87,92,5,179
0021301048,102,95,7,197
0021300498,112,84,28,196
0021301193,111,99,12,210
0021300643,101,95,6,196
0021301017,125,109,16,234
0021300560,88,107,19,195
0021300149,99,114,15,213
0021301060,96,127,31,223
0021300132,100,98,2,198
0021300846,99,93,6,192
0021301075,105,110,5,215
0021300161,91,95,4,186
0021300350,91,106,15,197
0021300757,92,86,6,178
0021300475,82,94,12,176
0021300172,120,123,3,243
0021300754,109,122,13,231
0021300606,102,97,5,199
0021300680,77,88,11,165
0021300718,115,116,1,231
0021300811,134,108,26,242
0021300437,91,105,14,196
0021300349,100,84,16,184
0021300659,106,116,10,222
0021301195,98,101,3,199
0021300397,84,100,16,184
0021300019,115,126,11,241
0021300220,99,79,20,178
0021300082,74,76,2,150
0021300864,134,129,5,263
0021301027,86,91,5,177
0021301063,99,90,9,189
0021300572,103,100,3,203
0021300482,101,88,13,189
0021300990,120,121,1,241
0021300486,119,112,7,231
0021300668,100,89,11,189
0021301223,86,91,5,177
0021301108,102,97,5,199
0021300912,110,115,5,225
0021300602,91,93,2,184
0021300109,95,113,18,208
0021301144,96,78,18,174
0021300340,107,116,9,223
0021300240,104,98,6,202
0021300918,92,101,9,193
0021300815,87,90,3,177
0021301167,102,107,5,209
0021300723,101,92,9,193
0021300338,110,117,7,227
0021300716,77,86,9,163
0021300940,111,104,7,215
0021300119,105,111,6,216
0021300667,99,106,7,205
0021300526,99,113,14,212
0021300243,97,88,9,185
0021300038,104,93,11,197
0021300584,89,94,5,183
0021300739,113,118,5,231
0021300445,101,115,14,216
0021300543,80,96,16,176
0021300025,105,113,8,218
0021301065,83,107,24,190
0021300093,96,85,11,181
0021301113,124,112,12,236
0021300266,82,89,7,171
0021300916,142,94,48,236
0021301164,114,125,11,239
0021300959,115,98,17,213
0021300807,94,100,6,194
0021300079,73,97,24,170
0021300567,92,95,3,187
0021300008,83,90,7,173
0021301147,105,101,4,206
0021300234,95,114,19,209
0021301021,110,115,5,225
0021300971,93,105,12,198
0021300306,75,74,1,149
0021300726,114,108,6,222
0021300644,116,111,5,227
0021300245,112,106,6,218
0021300034,104,107,3,211
0021300696,95,90,5,185
0021300559,101,95,6,196
0021300020,84,90,6,174
0021300743,89,99,10,188
0021300576,123,116,7,239
0021300195,100,102,2,202
0021300913,78,102,24,180
0021300152,113,115,2,228
0021300857,103,108,5,211
0021300786,90,117,27,207
0021300748,105,118,13,223
0021301188,112,95,17,207
0021301126,102,107,5,209
0021300862,93,101,8,194
0021300681,117,115,2,232
0021300136,97,81,16,178
0021300336,97,122,25,219
0021301050,77,89,12,166
0021300055,104,98,6,202
0021300258,100,102,2,202
0021300400,108,123,15,231
0021300121,86,107,21,193
0021300915,122,128,6,250
0021300641,112,95,17,207
0021300226,106,120,14,226
0021300616,90,101,11,191
0021300770,89,114,25,203
0021300702,90,99,9,189
0021301029,92,98,6,190
0021300566,128,125,3,253
0021300897,89,96,7,185
0021300443,99,120,21,219
0021300672,98,81,17,179
0021300369,94,97,3,191
0021300979,96,87,9,183
0021300618,114,97,17,211
0021301069,107,99,8,206
0021300610,103,80,23,183
0021301094,76,90,14,166
0021300635,105,79,26,184
0021300841,130,110,20,240
0021300224,88,94,6,182
0021301043,107,124,17,231
0021300221,84,113,29,197
0021300166,85,93,8,178
0021301146,111,115,4,226
0021300947,98,105,7,203
0021301070,91,87,4,178
0021300017,94,125,31,219
0021301174,109,100,9,209
0021300346,99,77,22,176
0021300004,94,98,4,192
0021300198,82,121,39,203
0021300276,104,111,7,215
0021300134,89,86,3,175
0021300835,96,83,13,179
0021300662,124,113,11,237
0021300604,82,110,28,192
0021301218,136,130,6,266
0021301149,91,102,11,193
0021300780,104,92,12,196
0021301076,103,105,2,208
0021300024,105,98,7,203
0021300537,95,104,9,199
0021300767,102,86,16,188
0021301151,93,91,2,184
0021301099,98,105,7,203
0021300315,121,94,27,215
0021301114,94,101,7,195
0021300973,101,94,7,195
0021301054,91,113,22,204
0021300296,111,100,11,211
0021300151,81,86,5,167
0021300944,97,101,4,198
0021300648,103,91,12,194
0021300850,100,95,5,195
0021301122,88,102,14,190
0021300758,102,91,11,193
0021300834,79,93,14,172
0021300472,85,112,27,197
0021300418,95,78,17,173
0021300687,86,117,31,203
0021300402,83,102,19,185
0021301019,106,129,23,235
0021300351,101,93,8,194
0021301103,95,103,8,198
0021300011,95,90,5,185
0021300406,116,120,4,236
0021300730,110,96,14,206
0021301217,111,103,8,214
0021300396,114,97,17,211
0021300424,92,100,8,192
0021300938,89,104,15,193
0021301105,83,93,10,176
0021300782,93,89,4,182
0021300072,99,98,1,197
0021300288,98,130,32,228
0021300527,94,110,16,204
0021300605,103,117,14,220
0021300580,104,92,12,196
0021300269,88,98,10,186
0021300524,104,103,1,207
0021300804,114,97,17,211
0021300205,92,107,15,199
0021300709,89,96,7,185
0021300538,81,72,9,153
0021301177,108,100,8,208
0021301061,111,116,5,227
0021300129,86,80,6,166
0021300060,90,92,2,182
0021300612,114,121,7,235
0021300301,88,98,10,186
0021300771,99,109,10,208
0021300005,110,114,4,224
0021300637,106,107,1,213
0021300627,98,119,21,217
0021300646,89,87,2,176
0021300325,122,101,21,223
0021301097,107,102,5,209
0021300609,99,107,8,206
0021300002,95,107,12,202
0021300168,102,98,4,200
0021300772,85,100,15,185
0021300092,91,83,8,174
0021300399,113,100,13,213
0021300895,132,128,4,260
0021300638,78,93,15,171
0021300064,87,97,10,184
0021300619,97,105,8,202
0021301004,113,118,5,231
0021301150,97,120,23,217
0021300289,106,100,6,206
0021300440,116,118,2,234
0021300849,107,103,4,210
0021301005,115,120,5,235
0021300483,101,100,1,201
0021301156,115,122,7,237
0021300016,88,90,2,178
0021300054,102,97,5,199
0021300551,104,112,8,216
0021301020,103,116,13,219
0021300859,110,120,10,230
0021300837,109,95,14,204
0021300888,106,112,6,218
0021300090,107,94,13,201
0021300140,94,110,16,204
0021300294,103,82,21,185
0021300525,102,96,6,198
0021300446,108,107,1,215
0021300083,103,114,11,217
0021300157,86,92,6,178
0021300502,96,119,23,215
0021300854,104,115,11,219
0021300080,108,116,8,224
0021300744,95,111,16,206
0021300789,117,122,5,239
0021301145,96,94,2,190
0021300362,83,82,1,165
0021300504,137,115,22,252
0021300393,106,99,7,205
0021300123,109,106,3,215
0021300133,91,82,9,173
0021301022,79,91,12,170
0021300523,98,102,4,200
0021300830,121,104,17,225
0021300413,94,104,10,198
0021301016,93,109,16,202
0021300277,113,83,30,196
0021300652,101,104,3,205
0021300449,102,109,7,211
0021301157,94,100,6,194
0021300071,107,109,2,216
0021300710,79,98,19,177
0021300691,94,90,4,184
0021300893,107,124,17,231
0021300858,114,104,10,218
0021300683,96,86,10,182
0021301082,95,102,7,197
0021300976,111,107,4,218
0021300131,113,117,4,230
0021300855,83,103,20,186
0021300036,99,111,12,210
0021301036,95,105,10,200
0021300884,98,104,6,202
0021300356,101,96,5,197
0021301192,85,98,13,183
0021300750,79,76,3,155
0021300575,96,108,12,204
0021301180,86,98,12,184
0021301134,104,116,12,220
0021300150,108,98,10,206
0021300409,103,98,5,201
0021300961,98,85,13,183
0021300686,102,94,8,196
0021300819,107,115,8,222
0021301085,88,112,24,200
0021301106,80,94,14,174
0021300639,103,101,2,204
0021300435,86,115,29,201
0021300795,108,96,12,204
0021300790,76,92,16,168
0021300707,103,106,3,209
0021300462,94,81,13,175
0021301225,100,87,13,187
0021300037,97,90,7,187
0021300547,97,103,6,200
0021300541,97,99,2,196
0021300578,89,117,28,206
0021300796,93,98,5,191
0021301184,94,116,22,210
0021300965,90,103,13,193
0021300945,90,99,9,189
0021300469,82,95,13,177
0021300900,103,106,3,209
0021301155,102,130,28,232
0021300300,110,95,15,205
0021301089,97,101,4,198
0021300548,85,101,16,186
0021301142,107,95,12,202
0021301038,99,90,9,189
0021301207,95,93,2,188
0021300097,113,90,23,203
0021300614,113,126,13,239
0021301037,88,89,1,177
0021300777,81,73,8,154
0021300147,118,110,8,228
0021300272,105,98,7,203
0021300592,121,127,6,248
0021300028,100,101,1,201
0021301046,94,103,9,197
0021300832,86,93,7,179
0021300585,93,96,3,189
0021300613,100,102,2,202
0021300179,97,82,15,179
0021301080,91,74,17,165
0021301137,90,102,12,192
0021301112,122,120,2,242
0021301087,98,123,25,221
0021300960,87,101,14,188
0021300227,80,93,13,173
0021300063,116,102,14,218
0021301041,127,120,7,247
0021300376,109,120,11,229
0021301055,114,94,20,208
0021300441,105,83,22,188
0021301168,104,102,2,206
0021300941,94,105,11,199
0021300468,87,78,9,165
0021300425,116,107,9,223
0021300364,87,95,8,182
0021300664,95,86,9,181
0021300261,125,126,1,251
0021300763,78,123,45,201
0021300249,105,100,5,205
0021300925,126,134,8,260
0021300495,100,116,16,216
0021300753,101,95,6,196
0021300564,87,90,3,177
0021300671,90,97,7,187
0021300645,121,120,1,241
0021301213,120,130,10,250
0021300145,88,102,14,190
0021300153,94,97,3,191
0021301040,86,96,10,182
0021301012,107,100,7,207
0021301028,106,122,16,228
0021301190,105,111,6,216
0021300863,96,101,5,197
0021301062,99,93,6,192
0021300206,93,86,7,179
0021300209,83,89,6,172
0021300534,99,104,5,203
0021300458,80,83,3,163
0021300061,80,97,17,177
0021300573,105,109,4,214
0021301181,98,106,8,204
0021300899,98,96,2,194
0021300428,92,109,17,201
0021300098,103,94,9,197
0021300366,96,92,4,188
0021301073,105,108,3,213
0021300259,103,109,6,212
0021300934,88,95,7,183
0021300233,106,102,4,208
0021301132,98,117,19,215
0021301095,99,114,15,213
0021300719,94,79,15,173
0021300046,103,105,2,208
0021300089,111,110,1,221
0021300010,115,120,5,235
0021300848,106,115,9,221
0021301206,93,114,21,207
0021300228,76,92,16,168
0021300415,89,81,8,170
0021300756,100,112,12,212
0021300851,110,101,9,211
0021300125,77,104,27,181
0021300910,116,102,14,218
0021300954,101,112,11,213
0021300926,86,112,26,198
0021300310,94,109,15,203
0021301173,107,101,6,208
0021301127,94,106,12,200
0021300222,100,92,8,192
0021301170,94,88,6,182
0021300463,85,79,6,164
0021301196,94,101,7,195
0021300712,102,108,6,210
0021301051,92,109,17,201
0021300929,104,92,12,196
0021300156,100,104,4,204
0021300828,113,102,11,215
0021300095,105,106,1,211
0021301110,92,83,9,175
0021300490,110,94,16,204
0021300909,105,94,11,199
0021300596,78,103,25,181
0021300651,96,109,13,205
0021300734,100,110,10,210
0021300870,100,91,9,191
0021301053,96,117,21,213
0021300193,96,72,24,168
0021301118,103,107,4,210
0021300236,73,93,20,166
0021300931,114,107,7,221
0021300392,95,87,8,182
0021300412,111,104,7,215
0021300047,92,93,1,185
0021300833,125,117,8,242
0021300442,98,107,9,205
0021300422,103,105,2,208
0021300078,119,110,9,229
0021300703,79,88,9,167
0021300381,95,107,12,202
0021300293,108,82,26,190
0021300510,79,86,7,165
0021300779,83,104,21,187
0021301220,111,112,1,223
0021301084,133,102,31,235
0021300317,114,108,6,222
0021301056,98,106,8,204
0021300111,91,94,3,185
0021300148,97,86,11,183
0021300885,91,94,3,185
0021300634,104,95,9,199
0021300330,109,100,9,209
0021300535,92,119,27,211
0021300818,91,98,7,189
0021300993,104,122,18,226
0021300620,112,97,15,209
0021300768,107,89,18,196
0021300184,93,103,10,196
0021300368,93,104,11,197
0021301100,99,115,16,214
0021300262,100,108,8,208
0021301011,86,96,10,182
0021300200,73,95,22,168
0021300318,92,83,9,175
0021300203,84,98,14,182
0021300509,93,111,18,204
0021300868,107,113,6,220
0021300794,103,93,10,196
0021300467,94,79,15,173
0021300512,85,89,4,174
0021300214,102,101,1,203
0021300094,120,89,31,209
0021300952,104,96,8,200
0021301230,116,112,4,228
0021300218,99,94,5,193
0021300955,98,106,8,204
0021301024,119,118,1,237
0021301227,101,86,15,187
0021300379,94,109,15,203
0021300922,101,114,13,215
0021300966,110,101,9,211
0021300191,99,101,2,200
0021300252,98,99,1,197
0021300465,92,113,21,205
0021300982,94,101,7,195
0021301159,95,83,12,178
0021300530,88,101,13,189
0021300678,95,94,1,189
0021301001,89,94,5,183
0021300305,94,83,11,177
0021300410,103,86,17,189
0021300494,92,116,24,208
0021301148,102,98,4,200
0021301066,96,98,2,194
0021300049,88,95,7,183
0021300423,127,125,2,252
0021300556,104,92,12,196
0021300138,103,96,7,199
0021300426,112,116,4,228
0021300701,92,106,14,198
0021300711,90,100,10,190
0021300747,91,98,7,189
0021301015,109,118,9,227
0021300390,103,99,4,202
0021300062,90,98,8,188
0021300006,87,93,6,180
0021300797,100,104,4,204
0021300875,122,103,19,225
0021301169,102,87,15,189
0021300883,90,109,19,199
0021300026,108,111,3,219
0021300878,107,98,9,205
0021300120,89,90,1,179
0021300823,94,102,8,196
0021300313,101,92,9,193
0021300902,104,96,8,200
0021300508,97,83,14,180
0021301032,94,124,30,218
0021300059,105,100,5,205
0021301187,111,99,12,210
0021300389,109,108,1,217
0021300373,107,106,1,213
0021300033,74,89,15,163
0021300297,112,102,10,214
0021300749,104,100,4,204
0021301064,97,96,1,193
0021300329,94,99,5,193
0021300231,87,88,1,175
0021300788,111,110,1,221
0021300032,91,85,6,176
0021301198,116,107,9,223
0021300732,97,106,9,203
0021300740,102,103,1,205
0021300540,83,103,20,186
0021300175,87,97,10,184
0021300211,102,100,2,202
0021300588,90,91,1,181
0021300110,95,116,21,211
0021301072,98,120,22,218
0021300414,99,112,13,211
0021300631,102,109,7,211
0021300880,96,102,6,198
0021300992,109,86,23,195
0021300792,98,108,10,206
0021300466,98,94,4,192
0021300176,98,91,7,189
0021300460,92,91,1,183
0021300130,104,110,6,214
0021300432,89,105,16,194
0021300158,88,104,16,192
0021300647,126,118,8,244
0021300309,97,112,15,209
0021300103,104,110,6,214
0021300824,92,101,9,193
0021300420,101,95,6,196
0021300546,102,92,10,194
0021301143,92,100,8,192
0021300114,103,87,16,190
0021301129,92,100,8,192
0021301186,104,112,8,216
0021300128,109,96,13,205
0021301014,123,122,1,245
0021300100,109,85,24,194
0021300001,87,97,10,184
0021300705,106,91,15,197
0021301047,100,89,11,189
0021300630,111,105,6,216
0021300429,93,104,11,197
0021300776,96,79,17,175
0021300865,82,108,26,190
0021300905,101,89,12,190
0021300457,97,94,3,191
0021300326,93,95,2,188
0021301136,90,89,1,179
0021300800,113,103,10,216
0021301093,96,116,20,212
0021300629,100,124,24,224
0021300840,97,108,11,205
0021300978,85,119,34,204
0021301104,111,116,5,227
0021301007,89,103,14,192
0021301079,110,78,32,188
0021300015,91,104,13,195
0021301086,93,100,7,193
0021300997,90,99,9,189
0021301141,69,102,33,171
0021300831,98,105,7,203
0021300453,106,99,7,205
0021300485,100,102,2,202
0021300983,92,97,5,189
0021300155,106,102,4,208
0021300995,80,102,22,182
0021300699,113,120,7,233
0021301202,103,106,3,209
0021300299,114,73,41,187
0021300319,96,88,8,184
0021301068,103,108,5,211
0021300143,98,135,37,233
0021300736,116,112,4,228
0021300407,110,111,1,221
0021300778,86,81,5,167
0021300456,108,110,2,218
0021300826,93,94,1,187
0021300765,101,108,7,209
0021300802,93,101,8,194
0021300987,101,92,9,193
0021300287,97,106,9,203
0021300919,87,99,12,186
0021301210,89,101,12,190
0021300188,98,106,8,204
0021300724,91,75,16,166
0021300903,132,125,7,257
0021300892,85,96,11,181
0021300741,112,98,14,210
0021300464,110,106,4,216
0021300565,120,118,2,238
0021300107,95,118,23,213
0021300964,108,101,7,209
0021300774,103,97,6,200
0021300728,94,90,4,184
0021300196,113,101,12,214
0021300395,105,100,5,205
0021301002,100,110,10,210
0021300108,95,105,10,200
0021300963,90,88,2,178
0021300692,120,95,25,215
0021301229,104,99,5,203
0021300044,96,103,7,199
0021300653,104,115,11,219
0021300872,122,126,4,248
0021300956,85,108,23,193
0021300370,86,82,4,168
0021301179,93,88,5,181
0021300253,103,113,10,216
0021300066,104,109,5,213
0021300478,99,91,8,190
0021300595,104,98,6,202
0021300695,110,100,10,210
0021300040,87,98,11,185
0021300522,87,97,10,184
0021300809,111,109,2,220
0021301013,86,92,6,178
0021300901,92,125,33,217
0021300444,117,95,22,212
0021300363,92,115,23,207
0021300515,101,80,21,181
0021300116,95,91,4,186
0021300223,117,110,7,227
0021300267,97,95,2,192
0021300137,108,100,8,208
0021300500,97,102,5,199
0021300928,107,97,10,204
0021300581,109,95,14,204
0021300761,92,93,1,185
0021300501,112,96,16,208
0021300377,91,105,14,196
0021300951,89,99,10,188
0021300600,127,111,16,238
0021300041,77,87,10,164
0021300721,89,85,4,174
0021300816,121,129,8,250
0021301140,109,93,16,202
0021300760,83,91,8,174
0021300302,94,118,24,212
0021300320,116,100,16,216
0021300077,108,112,4,220
0021300455,100,98,2,198
0021300887,99,116,17,215
0021300791,107,103,4,210
0021300889,120,129,9,249
0021300139,110,90,20,200
0021300031,110,101,9,211
0021300371,104,102,2,206
0021300586,107,104,3,211
0021301166,97,105,8,202
0021300042,93,103,10,196
0021300917,85,77,8,162
0021300727,125,118,7,243
0021300431,98,120,22,218
0021300018,81,82,1,163
0021300706,95,105,10,200
0021300563,92,116,24,208
0021300693,103,107,4,210
0021300219,95,84,11,179
0021300731,100,105,5,205
0021300085,91,115,24,206
0021300532,114,104,10,218
0021301182,95,117,22,212
0021300503,92,80,12,172
0021300988,121,113,8,234
0021301161,145,130,15,275
0021300876,110,118,8,228
0021300725,119,108,11,227
0021300386,116,106,10,222
0021300933,108,109,1,217
0021300665,114,86,28,200
0021300714,98,101,3,199
0021300045,109,100,9,209
0021300439,82,106,24,188
0021300477,105,101,4,206
0021300890,110,104,6,214
0021300999,97,85,12,182
0021300316,78,74,4,152
0021300290,103,92,11,195
0021300081,85,96,11,181
0021300177,107,115,8,222
0021301162,100,122,22,222
0021301074,109,103,6,212
0021300270,97,107,10,204
0021300163,103,96,7,199
0021301059,119,128,9,247
0021300649,81,99,18,180
0021300642,88,87,1,175
0021300056,104,123,19,227
0021301101,94,100,6,194
0021300479,87,96,9,183
0021300181,102,86,16,188
0021300655,103,110,7,213
0021301071,100,85,15,185
0021300084,91,104,13,195
0021300250,100,115,15,215
0021300355,102,106,4,208
0021300436,100,103,3,203
0021300454,95,91,4,186
0021301033,118,111,7,229
0021300492,84,91,7,175
0021300640,96,125,29,221
0021300906,91,104,13,195
0021300603,93,108,15,201
0021300230,90,83,7,173
0021300212,111,116,5,227
0021301224,85,114,29,199
0021301067,83,84,1,167
0021300433,103,105,2,208
0021300733,98,112,14,210
0021300280,88,105,17,193
0021300314,96,104,8,200
0021300419,123,94,29,217
0021300493,115,111,4,226
0021300943,98,105,7,203
0021300144,92,79,13,171
0021301025,111,105,6,216
0021300793,114,85,29,199
0021300787,100,105,5,205
0021300751,109,126,17,235
0021301039,103,112,9,215
0021300628,101,104,3,205
0021301091,88,67,21,155
0021300357,100,114,14,214
0021301178,103,106,3,209
0021300204,94,113,19,207
0021300335,98,104,6,202
0021300215,99,74,25,173
0021300852,129,103,26,232
0021300555,94,116,22,210
0021300967,98,111,13,209
0021300775,98,95,3,193
0021300882,76,108,32,184
0021300367,105,93,12,198
0021300347,139,105,34,244
0021300067,106,93,13,199
0021300229,109,91,18,200
0021300470,112,124,12,236
0021300898,122,101,21,223
0021300343,113,97,16,210
0021300798,117,106,11,223
0021301018,102,95,7,197
0021300384,85,118,33,203
0021300014,101,98,3,199
0021300820,89,117,28,206
0021300291,82,88,6,170
0021300715,102,95,7,197
0021300542,87,123,36,210
0021300755,89,94,5,183
0021300519,119,123,4,242
0021300237,121,105,16,226
0021300174,91,105,14,196
0021300088,125,127,2,252
0021300932,112,121,9,233
0021300186,95,102,7,197
0021300217,100,93,7,193
0021301154,92,112,20,204
0021301042,102,105,3,207
0021301197,89,100,11,189
0021300694,100,90,10,190
0021300154,98,87,11,185
0021300242,93,97,4,190
0021301123,90,111,21,201
0021300383,120,121,1,241
0021300074,84,91,7,175
0021301211,119,104,15,223
0021300607,112,103,9,215
0021301044,107,104,3,211
0021300104,100,81,19,181
0021300679,126,117,9,243
0021300029,113,98,15,211
0021300180,96,89,7,185
0021300617,86,93,7,179
0021300162,98,91,7,189
0021300117,79,92,13,171
0021300124,115,116,1,231
0021300360,94,117,23,211
0021300675,112,95,17,207
0021300598,72,98,26,170
0021300476,95,93,2,188
0021300295,90,82,8,172
0021301215,105,117,12,222
0021300544,114,107,7,221
0021301171,116,123,7,239
0021300752,117,110,7,227
0021301119,92,118,26,210
0021300451,104,112,8,216
0021300980,103,94,9,197
0021300877,102,97,5,199
0021300076,79,94,15,173
0021300514,110,108,2,218
0021300057,102,94,8,196
0021300557,96,98,2,194
0021301000,86,124,38,210
0021301189,101,117,16,218
0021300601,112,106,6,218
0021300845,98,110,12,208
0021300518,101,112,11,213
0021300536,107,90,17,197
0021300292,92,75,17,167
0021300115,95,124,29,219
0021300962,116,92,24,208
0021300994,113,112,1,225
0021300986,87,94,7,181
0021301049,91,93,2,184
0021300759,81,93,12,174
0021300284,83,121,38,204
0021300312,116,103,13,219
0021300949,105,112,7,217
0021301090,100,103,3,203
0021300984,112,104,8,216
0021300101,105,120,15,225
0021300048,110,90,20,200
0021301204,108,113,5,221
0021300812,101,90,11,191
0021300991,102,104,2,206
0021300416,90,117,27,207
0021300112,117,123,6,240
0021300520,90,112,22,202
0021300936,107,111,4,218
0021300622,98,87,11,185
0021300946,110,123,13,233
0021301209,98,104,6,202
0021300427,89,85,4,174
0021300403,91,112,21,203
0021300843,110,108,2,218
0021300904,87,109,22,196
0021300625,113,111,2,224
0021300385,111,114,3,225
0021301052,104,109,5,213
0021300091,90,108,18,198
0021300814,99,102,3,201
0021300974,86,99,13,185
0021300408,115,92,23,207
0021300113,89,83,6,172
0021300361,102,101,1,203
0021300499,82,78,4,160
0021300764,80,119,39,199
0021300881,108,97,11,205
0021300087,96,91,5,187
0021300517,98,129,31,227
0021300593,104,96,8,200
0021300086,94,104,10,198
0021300660,88,103,15,191
0021300165,108,98,10,206
0021301128,113,107,6,220
0021300375,107,101,6,208
0021300663,104,103,1,207
0021300341,116,112,4,228
0021301152,107,88,19,195
0021300950,83,94,11,177
0021301158,88,87,1,175
0021300023,95,102,7,197
0021300746,81,103,22,184
0021300689,102,113,11,215
0021301116,119,98,21,217
0021300985,103,77,26,180
0021300332,99,101,2,200
0021300682,101,98,3,199
0021300574,114,121,7,235
0021300235,112,113,1,225
0021300378,108,101,7,209
0021300239,112,101,11,213
0021301111,96,105,9,201
0021300337,91,90,1,181
0021300550,94,120,26,214
0021300274,95,86,9,181
0021300533,80,83,3,163
0021300405,104,98,6,202
0021300210,91,102,11,193
0021300365,119,116,3,235
0021300167,91,82,9,173
0021300507,81,101,20,182
0021300720,70,99,29,169
0021300388,81,114,33,195
0021300352,111,109,2,220
0021300930,89,111,22,200
0021300201,86,100,14,186
0021300283,98,106,8,204
0021300657,99,90,9,189
0021300599,97,87,10,184
0021301031,117,107,10,224
0021300035,84,105,21,189
0021300568,97,114,17,211
0021301030,99,79,20,178
0021300829,110,100,10,210
0021300394,88,85,3,173
0021300358,97,101,4,198
0021300623,112,109,3,221
0021300331,100,108,8,208
0021300842,104,96,8,200
0021300102,81,96,15,177
0021301003,100,96,4,196
0021300430,95,83,12,178
0021301081,107,143,36,250
0021300022,109,102,7,211
0021300232,86,103,17,189
0021300248,112,98,14,210
0021300488,99,110,11,209
0021300871,82,92,10,174
0021301121,77,96,19,173
0021300164,120,92,28,212
0021301183,110,112,2,222
0021300866,112,89,23,201
0021300339,103,93,10,196
0021300170,93,104,11,197
0021300238,95,97,2,192
0021301092,80,96,16,176
0021301035,71,82,11,153
0021301135,122,121,1,243
0021300958,120,112,8,232
0021300070,97,102,5,199
0021300989,104,113,9,217
0021300348,93,106,13,199
0021300636,101,83,18,184
0021301102,103,77,26,180
0021300334,99,103,4,202
0021301200,97,102,5,199
0021300516,97,110,13,207
0021300972,105,101,4,206
0021300908,94,103,9,197
0021300354,93,102,9,195
0021300935,110,114,4,224
0021300122,103,111,8,214
0021300052,88,104,16,192
0021300030,84,87,3,171
0021300785,102,98,4,200
0021300459,107,88,19,195
0021300265,91,110,19,201
0021301199,88,97,9,185
0021300927,97,111,14,208
0021300447,90,98,8,188
0021301115,81,110,29,191
0021300704,93,95,2,188
0021300380,95,108,13,203
0021300353,98,101,3,199
0021300505,126,95,31,221
0021300372,107,124,17,231
0021300531,66,93,27,159
0021300491,82,89,7,171
0021300521,91,112,21,203
0021300677,102,95,7,197
0021300065,99,84,15,183
0021301096,98,93,5,191
0021300328,104,111,7,215
0021301023,93,92,1,185
0021300886,81,92,11,173
0021301125,112,108,4,220
0021300684,99,89,10,188
0021300806,98,91,7,189
0021300698,81,96,15,177
0021300244,112,106,6,218
0021301083,81,94,13,175
0021301228,104,110,6,214
0021300624,85,93,8,178
0021300656,92,100,8,192
0021301163,111,115,4,226
0021300528,105,111,6,216
0021300106,107,109,2,216
0021300497,113,103,10,216
0021300948,112,110,2,222
0021300208,93,112,19,205
0021300178,88,96,8,184
0021300529,92,102,10,194
0021300582,111,101,10,212
0021300073,101,91,10,192
0021301221,113,100,13,213
0021300009,83,96,13,179
0021300552,80,124,44,204
0021300438,100,115,15,215
0021300039,105,115,10,220
0021301165,94,88,6,182
0021300661,125,117,8,242
0021300827,98,107,9,205
0021300591,110,107,3,217
0021300921,81,108,27,189
0021300920,84,91,7,175
0021301077,78,91,13,169
0021301214,109,98,11,207
0021300141,111,122,11,233
0021300745,90,117,27,207
0021300417,113,100,13,213
0021300398,106,116,10,222
0021301208,95,108,13,203
0021300473,81,87,6,168
0021301124,107,137,30,244
0021300803,94,92,2,186
0021300298,108,106,2,214
0021300766,100,109,9,209
0021300969,97,102,5,199
0021300285,83,105,22,188
0021300496,101,99,2,200
0021301222,118,102,16,220
0021300742,115,113,2,228
0021300722,99,109,10,208
0021300611,95,92,3,187
0021300255,114,108,6,222
0021301203,102,90,12,192
0021300608,95,100,5,195
0021300171,113,106,7,219
0021300480,104,134,30,238
0021300729,108,122,14,230
0021300160,104,107,3,211
0021301107,114,104,10,218
0021300539,113,102,11,215
0021300308,105,94,11,199
0021301120,105,92,13,197
0021300321,109,77,32,186
0021300717,107,124,17,231
0021301160,107,92,15,199
0021300324,78,83,5,161
0021300053,99,91,8,190
0021300545,108,110,2,218
0021300860,86,109,23,195
0021300216,94,105,11,199
0021300676,83,98,15,181
0021300256,80,98,18,178
0021300570,82,77,5,159
0021301117,123,93,30,216
0021300554,86,104,18,190
0021300268,103,112,9,215
0021300708,87,102,15,189
0021300621,91,95,4,186
0021300159,85,109,24,194
0021300282,89,108,19,197
0021300199,104,96,8,200
0021300549,107,110,3,217
0021300197,109,97,12,206
0021300322,99,106,7,205
0021300311,84,90,6,174
0021300344,107,114,7,221
0021300953,99,109,10,208
0021301139,107,111,4,218
0021300241,101,108,7,209
0021300869,126,103,23,229
0021300808,105,99,6,204
0021300821,96,102,6,198
0021300673,88,85,3,173
0021300271,97,88,9,185
0021300474,123,114,9,237
0021300471,114,102,12,216
0021300813,103,81,22,184
0021300281,109,105,4,214
0021301057,100,102,2,202
0021301026,98,114,16,212
0021300069,93,107,14,200
0021300387,103,122,19,225
0021301008,102,94,8,196
0021300278,101,81,20,182
0021300207,110,96,14,206
0021301058,85,95,10,180
0021301034,81,91,10,172
0021300784,112,113,1,225
0021300327,93,102,9,195
0021300690,125,99,26,224
0021300670,88,114,26,202
0021300801,98,116,18,214
0021300650,112,87,25,199
0021300304,111,115,4,226
0021300213,109,92,17,201
0021300021,90,110,20,200
0021300735,101,109,8,210
0021300783,106,101,5,207
0021300626,110,106,4,216
0021300257,131,128,3,259
0021300169,98,105,7,203
0021301172,99,100,1,199
0021300247,85,92,7,177
0021300489,82,99,17,181
0021301201,117,119,2,236
0021300996,97,83,14,180
0021300968,87,111,24,198
0021301175,100,99,1,199
0021300666,109,111,2,220
0021300737,89,103,14,192
0021301078,97,108,11,205
0021301138,96,100,4,196
0021300579,127,110,17,237
0021300142,88,106,18,194
0021300187,102,103,1,205
0021300805,91,104,13,195
0021300303,106,94,12,200
0021300562,98,108,10,206
0021300260,102,106,4,208
0021300847,98,118,20,216
0021300873,104,116,12,220
0021300839,108,102,6,210
0021300183,100,104,4,204
0021300190,94,87,7,181
0021300942,107,113,6,220
0021301006,111,115,4,226
0021300654,101,113,12,214
0021300182,81,111,30,192
0021300043,86,107,21,193
0021300914,87,111,24,198
0021300688,92,111,19,203
0021300345,106,111,5,217
0021300194,96,126,30,222
0021300658,85,79,6,164
0021300246,112,104,8,216
0021300844,123,110,13,233
0021301216,105,106,1,211
0021300561,103,118,15,221
0021300822,85,106,21,191
0021301088,118,107,11,225
0021300583,101,86,15,187
0021301098,89,84,5,173
0021300192,101,112,11,213
0021300769,80,123,43,203
0021300937,111,118,7,229
0021300867,79,99,20,178
0021300275,91,110,19,201
0021300448,108,104,4,212
0021300879,96,110,14,206
0021300810,101,92,9,193
0021300461,76,91,15,167
0021300669,87,103,16,190
0021301185,116,119,3,235
0021300577,127,129,2,256
0021300068,96,99,3,195
0021300135,97,90,7,187
0021300825,89,92,3,181
0021301219,100,105,5,205
0021300273,100,97,3,197
0021301153,125,130,5,255
0021400257,132,129,3,261
0021400658,98,108,10,206
0021401135,101,95,6,196
0021401152,101,95,6,196
0021400381,108,107,1,215
0021400376,97,104,7,201
0021400677,109,102,7,211
0021400628,91,110,19,201
0021400865,102,104,2,206
0021400167,99,115,16,214
0021400103,100,104,4,204
0021400720,100,102,2,202
0021400188,92,95,3,187
0021400667,99,87,12,186
0021400330,81,87,6,168
0021401037,108,90,18,198
0021401046,92,98,6,190
0021400727,91,108,17,199
0021400881,74,94,20,168
0021400151,93,119,26,212
0021400971,99,113,14,212
0021400337,105,103,2,208
0021400690,94,89,5,183
0021400021,97,89,8,186
0021400696,94,103,9,197
0021400912,84,98,14,182
0021401201,120,106,14,226
0021400900,120,112,8,232
0021401020,104,111,7,215
0021400191,87,99,12,186
0021400309,98,86,12,184
0021401219,91,117,26,208
0021400883,103,105,2,208
0021401203,97,109,12,206
0021400186,110,93,17,203
0021400681,94,99,5,193
0021401194,78,117,39,195
0021400776,80,96,16,176
0021401177,80,117,37,197
0021400544,84,98,14,182
0021400639,90,89,1,179
0021401151,91,101,10,192
0021400498,101,89,12,190
0021400590,102,80,22,182
0021400509,92,95,3,187
0021400661,100,112,12,212
0021400867,107,96,11,203
0021400126,102,100,2,202
0021400940,100,90,10,190
0021401004,92,99,7,191
0021400933,95,88,7,183
0021400644,87,89,2,176
0021401114,93,106,13,199
0021400678,109,90,19,199
0021400798,86,102,16,188
0021400974,96,87,9,183
0021400066,100,102,2,202
0021401193,73,96,23,169
0021400194,94,88,6,182
0021400455,107,112,5,219
0021400879,110,99,11,209
0021400154,105,89,16,194
0021400168,100,107,7,207
0021400979,83,96,13,179
0021400842,93,90,3,183
0021400788,83,89,6,172
0021400234,120,119,1,239
0021400133,94,127,33,221
0021400919,104,98,6,202
0021400084,96,103,7,199
0021401166,74,110,36,184
0021400078,91,89,2,180
0021400181,97,117,20,214
0021400814,99,110,11,209
0021400001,84,101,17,185
0021400141,107,120,13,227
0021401099,99,104,5,203
0021401197,104,116,12,220
0021400993,81,92,11,173
0021400743,94,105,11,199
0021400713,104,86,18,190
0021400411,95,110,15,205
0021400740,100,90,10,190
0021400239,112,96,16,208
0021401060,91,88,3,179
0021400189,113,101,12,214
0021400840,92,105,13,197
0021400786,86,95,9,181
0021400270,85,77,8,162
0021401027,112,101,11,213
0021401186,98,106,8,204
0021400471,111,103,8,214
0021400970,92,102,10,194
0021400410,120,129,9,249
0021400733,100,104,4,204
0021400272,86,114,28,200
0021400817,105,91,14,196
0021400182,88,101,13,189
0021400767,88,94,6,182
0021401019,80,73,7,153
0021400794,106,93,13,199
0021400082,102,106,4,208
0021401182,75,90,15,165
0021400449,90,85,5,175
0021401081,110,120,10,230
0021400104,102,107,5,209
0021400060,98,91,7,189
0021400537,83,99,16,182
0021400420,104,107,3,211
0021400669,124,86,38,210
0021400588,106,96,10,202
0021401042,86,109,23,195
0021400362,91,113,22,204
0021400833,97,100,3,197
0021400607,117,108,9,225
0021400065,102,91,11,193
0021401009,86,103,17,189
0021401025,92,108,16,200
0021400598,95,83,12,178
0021400034,90,104,14,194
0021400846,105,110,5,215
0021401113,103,91,12,194
0021400311,93,104,11,197
0021400473,97,102,5,199
0021400777,95,109,14,204
0021400981,94,125,31,219
0021400911,94,103,9,197
0021401169,101,119,18,220
0021400862,89,96,7,185
0021400318,91,89,2,180
0021401017,108,118,10,226
0021400930,114,100,14,214
0021400146,107,80,27,187
0021400992,89,108,19,197
0021400033,102,90,12,192
0021400966,101,94,7,195
0021400497,79,115,36,194
0021400931,105,116,11,221
0021400834,110,82,28,192
0021400597,85,94,9,179
0021400346,96,108,12,204
0021401165,102,86,16,188
0021400462,102,101,1,203
0021400600,71,80,9,151
0021400504,95,114,19,209
0021400789,88,89,1,177
0021400553,96,109,13,205
0021400300,104,87,17,191
0021400350,84,93,9,177
0021401049,110,91,19,201
0021401091,114,120,6,234
0021400601,89,107,18,196
0021400116,104,112,8,216
0021400105,78,85,7,163
0021400952,113,106,7,219
0021400427,102,91,11,193
0021401187,80,79,1,159
0021400094,105,96,9,201
0021400868,93,101,8,194
0021400747,99,103,4,202
0021401039,114,95,19,209
0021400554,87,95,8,182
0021400698,93,87,6,180
0021400573,78,75,3,153
0021400991,97,105,8,202
0021400278,89,119,30,208
0021400918,90,97,7,187
0021400387,110,100,10,210
0021400570,100,107,7,207
0021400721,82,75,7,157
0021400333,94,106,12,200
0021400249,109,103,6,212
0021400851,100,97,3,197
0021400334,107,113,6,220
0021400929,85,91,6,176
0021400287,101,102,1,203
0021400571,116,105,11,221
0021401097,99,91,8,190
0021400008,102,109,7,211
0021400343,99,100,1,199
0021400729,102,103,1,205
0021400734,109,93,16,202
0021400852,90,102,12,192
0021400228,102,85,17,187
0021400219,82,97,15,179
0021400505,84,88,4,172
0021400538,103,107,4,210
0021401158,111,116,5,227
0021400825,98,103,5,201
0021401044,119,100,19,219
0021400567,110,101,9,211
0021400807,111,87,24,198
0021400329,96,104,8,200
0021400775,89,84,5,173
0021400409,82,110,28,192
0021400632,80,96,16,176
0021400613,82,93,11,175
0021400470,87,114,27,201
0021401143,97,90,7,187
0021400452,97,110,13,207
0021400518,91,117,26,208
0021400394,114,88,26,202
0021400022,114,108,6,222
0021400018,95,90,5,185
0021400932,98,106,8,204
0021400580,105,91,14,196
0021400948,127,94,33,221
0021400519,107,98,9,205
0021400960,98,105,7,203
0021400889,93,102,9,195
0021400927,84,92,8,176
0021401139,98,99,1,197
0021400005,91,103,12,194
0021400393,99,90,9,189
0021400259,105,103,2,208
0021400532,83,104,21,187
0021400326,94,103,9,197
0021401008,100,105,5,205
0021400417,84,96,12,180
0021401176,80,104,24,184
0021400694,82,103,21,185
0021400848,77,97,20,174
0021400924,79,89,10,168
0021400265,102,109,7,211
0021401083,88,102,14,190
0021400407,100,96,4,196
0021400453,103,80,23,183
0021400101,91,102,11,193
0021400581,107,114,7,221
0021401030,96,112,16,208
0021401098,89,103,14,192
0021400457,116,102,14,218
0021401014,95,114,19,209
0021401069,99,85,14,184
0021400604,98,102,4,200
0021400032,92,102,10,194
0021400546,118,108,10,226
0021401112,78,102,24,180
0021400910,75,94,19,169
0021400012,104,93,11,197
0021400707,120,116,4,236
0021400217,89,102,13,191
0021400531,113,111,2,224
0021401067,101,99,2,200
0021400115,130,113,17,243
0021400428,114,106,8,220
0021401181,104,103,1,207
0021401016,95,92,3,187
0021400369,111,106,5,217
0021401072,108,99,9,207
0021400769,112,101,11,213
0021400324,93,105,12,198
0021400914,89,83,6,172
0021400323,107,112,5,219
0021400618,92,99,7,191
0021400071,119,122,3,241
0021400998,110,103,7,213
0021400548,84,101,17,185
0021400464,97,101,4,198
0021400374,89,105,16,194
0021400359,82,95,13,177
0021400384,109,91,18,200
0021400645,106,113,7,219
0021400683,102,113,11,215
0021400041,93,96,3,189
0021400294,93,101,8,194
0021401035,86,97,11,183
0021400920,97,99,2,196
0021400955,98,104,6,202
0021400355,88,97,9,185
0021400046,113,118,5,231
0021401100,109,97,12,206
0021400579,105,99,6,204
0021400499,92,101,9,193
0021400735,90,101,11,191
0021400117,113,101,12,214
0021400074,98,101,3,199
0021400584,101,112,11,213
0021400048,101,107,6,208
0021400203,111,100,11,211
0021400099,86,97,11,183
0021400949,107,117,10,224
0021400293,100,120,20,220
0021400804,106,95,11,201
0021400845,98,86,12,184
0021401129,110,101,9,211
0021400342,95,85,10,180
0021400508,87,88,1,175
0021400269,107,105,2,212
0021400634,113,118,5,231
0021400524,97,77,20,174
0021400689,86,95,9,181
0021401223,103,108,5,211
0021400340,105,98,7,203
0021400207,86,98,12,184
0021400813,101,109,8,210
0021400009,101,105,4,206
0021401211,92,102,10,194
0021400418,95,100,5,195
0021400528,97,77,20,174
0021400296,87,103,16,190
0021400791,93,95,2,188
0021400591,119,103,16,222
0021400585,79,95,16,174
0021400650,113,111,2,224
0021401033,91,107,16,198
0021401110,95,81,14,176
0021400175,82,124,42,206
0021401192,101,110,9,211
0021400506,95,82,13,177
0021400179,78,91,13,169
0021400218,103,86,17,189
0021400386,91,95,4,186
0021400894,93,82,11,175
0021400029,108,95,13,203
0021400435,109,119,10,228
0021400830,108,119,11,227
0021400372,117,106,11,223
0021400489,102,109,7,211
0021400142,93,109,16,202
0021400670,94,103,9,197
0021400368,104,92,12,196
0021400057,89,96,7,185
0021400760,106,92,14,198
0021400375,117,116,1,233
0021400028,71,69,2,140
0021400622,100,115,15,215
0021401102,113,111,2,224
0021400838,114,107,7,221
0021401057,94,101,7,195
0021401199,114,121,7,235
0021400909,105,108,3,213
0021400108,113,100,13,213
0021400055,82,101,19,183
0021400147,106,97,9,203
0021400002,100,101,1,201
0021400285,85,109,24,194
0021400903,85,88,3,173
0021401068,95,93,2,188
0021400568,105,87,18,192
0021401116,100,98,2,198
0021401185,89,88,1,177
0021400980,85,88,3,173
0021400096,100,116,16,216
0021400934,108,101,7,209
0021400035,106,105,1,211
0021400198,113,92,21,205
0021401050,103,82,21,185
0021401189,107,114,7,221
0021400700,90,101,11,191
0021400383,101,94,7,195
0021400347,95,90,5,185
0021401028,89,101,12,190
0021400870,95,99,4,194
0021400174,89,99,10,188
0021401157,113,88,25,201
0021400616,103,95,8,198
0021400819,76,98,22,174
0021400244,97,85,12,182
0021401154,69,96,27,165
0021401178,99,90,9,189
0021400348,128,122,6,250
0021401161,103,105,2,208
0021400896,82,105,23,187
0021400958,102,115,13,217
0021400901,102,100,2,202
0021400192,106,94,12,200
0021401029,91,101,10,192
0021400627,98,91,7,189
0021401148,94,99,5,193
0021400649,100,99,1,199
0021400605,99,90,9,189
0021400549,110,82,28,192
0021400215,126,115,11,241
0021400906,85,112,27,197
0021400750,96,107,11,203
0021400602,107,99,8,206
0021400224,106,101,5,207
0021401054,104,108,4,212
0021400113,97,95,2,192
0021400515,92,85,7,177
0021400378,115,111,4,226
0021400408,101,99,2,200
0021400068,104,121,17,225
0021401210,92,109,17,201
0021400764,90,102,12,192
0021400535,103,95,8,198
0021400401,91,105,14,196
0021400456,79,101,22,180
0021400017,91,97,6,188
0021401026,115,123,8,238
0021400325,82,102,20,184
0021400527,89,81,8,170
0021401048,110,100,10,210
0021400904,118,123,5,241
0021400448,110,85,25,195
0021400629,118,128,10,246
0021400818,107,112,5,219
0021400491,96,112,16,208
0021400093,88,120,32,208
0021400773,83,85,2,168
0021401108,106,111,5,217
0021400582,89,104,15,193
0021400236,80,83,3,163
0021400745,87,108,21,195
0021400258,104,112,8,216
0021400880,106,101,5,207
0021400422,91,87,4,178
0021400864,97,79,18,176
0021400725,102,101,1,203
0021400047,110,105,5,215
0021400795,89,105,16,194
0021400510,104,95,9,199
0021400822,97,86,11,183
0021400306,92,101,9,193
0021401070,92,89,3,181
0021400406,104,92,12,196
0021400730,121,96,25,217
0021401179,107,103,4,210
0021400961,100,105,5,205
0021400576,103,92,11,195
0021401090,89,94,5,183
0021400557,92,103,11,195
0021400656,96,103,7,199
0021400399,102,106,4,208
0021400536,120,96,24,216
0021400953,104,95,9,199
0021400525,91,101,10,192
0021400836,81,90,9,171
0021400446,103,95,8,198
0021400321,82,90,8,172
0021401086,87,81,6,168
0021400426,105,115,10,220
0021400092,93,101,8,194
0021401106,104,84,20,188
0021401119,113,99,14,212
0021401229,126,133,7,259
0021400252,101,127,26,228
0021400286,98,93,5,191
0021400226,104,88,16,192
0021401011,118,122,4,240
0021400899,115,91,24,206
0021400358,86,93,7,179
0021400578,84,100,16,184
0021400180,106,140,34,246
0021400443,110,98,12,208
0021400366,111,119,8,230
0021400779,117,105,12,222
0021400460,92,90,2,182
0021401080,83,94,11,177
0021400942,114,103,11,217
0021401180,99,91,8,190
0021400233,112,99,13,211
0021401153,106,78,28,184
0021400781,115,98,17,213
0021400043,104,93,11,197
0021401092,86,87,1,173
0021400766,105,120,15,225
0021400902,100,85,15,185
0021400796,93,113,20,206
0021400472,94,100,6,194
0021401073,107,111,4,218
0021400263,102,95,7,197
0021401175,101,99,2,200
0021400643,90,129,39,219
0021400279,96,113,17,209
0021401141,92,83,9,175
0021400856,86,93,7,179
0021400988,89,102,13,191
0021400703,100,110,10,210
0021400751,88,98,10,186
0021401063,103,101,2,204
0021400660,106,109,3,215
0021400006,105,121,16,226
0021400803,84,95,11,179
0021400790,104,87,17,191
0021400045,81,93,12,174
0021401087,100,115,15,215
0021401184,144,143,1,287
0021400438,75,98,23,173
0021400076,95,98,3,193
0021400044,85,116,31,201
0021400999,105,108,3,213
0021400753,111,117,6,228
0021400913,114,119,5,233
0021401064,93,86,7,179
0021400031,97,108,11,205
0021400569,93,101,8,194
0021400424,115,111,4,226
0021400314,96,100,4,196
0021400327,113,109,4,222
0021400495,98,90,8,188
0021400951,85,93,8,178
0021400699,127,122,5,249
0021400131,93,80,13,173
0021400240,117,103,14,220
0021401207,93,100,7,193
0021400152,75,100,25,175
0021400778,97,103,6,200
0021400222,99,93,6,192
0021400100,91,85,6,176
0021401155,100,105,5,205
0021400062,95,86,9,181
0021400211,87,113,26,200
0021400238,97,109,12,206
0021400156,113,117,4,230
0021400246,93,90,3,183
0021401206,113,86,27,199
0021400555,82,97,15,179
0021401191,111,105,6,216
0021401077,86,99,13,185
0021401074,111,97,14,208
0021400290,95,100,5,195
0021400989,91,86,5,177
0021400828,98,92,6,190
0021400380,99,90,9,189
0021400756,93,100,7,193
0021400025,94,103,9,197
0021401005,92,117,25,209
0021400121,99,107,8,206
0021400780,100,96,4,196
0021400659,120,100,20,220
0021401095,119,106,13,225
0021400542,94,99,5,193
0021400687,93,85,8,178
0021400256,98,93,5,191
0021400866,104,82,22,186
0021400262,97,98,1,195
0021401216,112,101,11,213
0021400946,86,118,32,204
0021401010,114,103,11,217
0021400882,98,83,15,181
0021400461,99,107,8,206
0021400090,96,104,8,200
0021400843,87,104,17,191
0021401096,102,109,7,211
0021400260,99,116,17,215
0021400827,81,92,11,173
0021400609,127,99,28,226
0021400876,75,82,7,157
0021400479,96,80,16,176
0021400388,105,103,2,208
0021400439,98,102,4,200
0021400087,98,87,11,185
0021400107,100,102,2,202
0021400621,94,98,4,192
0021400063,94,96,2,190
0021401188,107,104,3,211
0021400038,104,127,23,231
0021400785,86,104,18,190
0021400742,87,94,7,181
0021400302,132,133,1,265
0021401156,100,103,3,203
0021400964,128,125,3,253
0021400414,118,125,7,243
0021400513,83,105,22,188
0021400648,85,99,14,184
0021400437,90,97,7,187
0021401045,109,98,11,207
0021401061,111,80,31,191
0021401024,91,108,17,199
0021400183,87,105,18,192
0021400520,102,96,6,198
0021400494,109,106,3,215
0021400277,103,91,12,194
0021400839,102,93,9,195
0021400184,106,83,23,189
0021400402,101,108,7,209
0021400728,108,97,11,205
0021400888,110,105,5,215
0021400130,103,95,8,198
0021400023,81,93,12,174
0021400695,118,123,5,241
0021400335,111,92,19,203
0021400483,110,107,3,217
0021400413,105,102,3,207
0021400197,101,94,7,195
0021400679,113,111,2,224
0021400289,112,102,10,214
0021401198,99,108,9,207
0021401172,91,116,25,207
0021400475,84,106,22,190
0021400577,105,94,11,199
0021400608,95,93,2,188
0021400873,101,97,4,198
0021400490,94,91,3,185
0021400500,85,114,29,199
0021400299,103,99,4,202
0021400320,80,105,25,185
0021400772,82,87,5,169
0021401183,103,116,13,219
0021400163,105,102,3,207
0021400800,98,113,15,211
0021400824,98,104,6,202
0021400673,99,90,9,189
0021400972,99,129,30,228
0021400276,102,103,1,205
0021400758,107,72,35,179
0021400072,103,112,9,215
0021400161,114,90,24,204
0021400799,95,110,15,205
0021400596,99,110,11,209
0021400075,99,110,11,209
0021400431,86,100,14,186
0021400552,92,93,1,185
0021400959,97,106,9,203
0021400831,71,87,16,158
0021400637,81,104,23,185
0021401013,116,105,11,221
0021400445,88,101,13,189
0021400890,103,104,1,207
0021400501,115,107,8,222
0021400254,105,109,4,214
0021400928,113,121,8,234
0021400723,97,104,7,201
0021400805,105,80,25,185
0021401138,99,131,32,230
0021400917,93,103,10,196
0021400685,94,99,5,193
0021401040,100,107,7,207
0021400815,114,105,9,219
0021401015,88,84,4,172
0021401121,84,98,14,182
0021401076,107,110,3,217
0021400982,100,109,9,209
0021401208,100,88,12,188
0021401128,87,101,14,188
0021400550,100,120,20,220
0021400466,101,109,8,210
0021401218,98,114,16,212
0021400419,99,91,8,190
0021401111,110,106,4,216
0021400938,95,69,26,164
0021401221,105,100,5,205
0021400871,93,91,2,184
0021400947,111,91,20,202
0021400885,114,103,11,217
0021400962,103,109,6,212
0021400566,121,114,7,235
0021400983,100,98,2,198
0021400389,103,97,6,200
0021400164,122,118,4,240
0021400589,81,96,15,177
0021401101,116,104,12,220
0021401224,88,101,13,189
0021400603,131,106,25,237
0021400398,73,76,3,149
0021401163,114,111,3,225
0021401140,117,116,1,233
0021401093,99,107,8,206
0021400137,117,131,14,248
0021400264,95,111,16,206
0021400936,104,108,4,212
0021400274,82,88,6,170
0021400313,103,97,6,200
0021400712,88,95,7,183
0021400563,100,108,8,208
0021400054,91,100,9,191
0021400253,108,111,3,219
0021400986,97,123,26,220
0021401134,93,123,30,216
0021400040,102,107,5,209
0021401051,86,98,12,184
0021400738,102,91,11,193
0021401018,72,74,2,146
0021400124,103,114,11,217
0021401085,91,107,16,198
0021400782,124,114,10,238
0021400990,117,98,19,215
0021400680,98,92,6,190
0021400230,83,98,15,181
0021401088,80,111,31,191
0021400702,93,72,21,165
0021401078,98,106,8,204
0021400564,113,99,14,212
0021401082,107,84,23,191
0021401115,87,100,13,187
0021400149,95,83,12,178
0021401213,103,110,7,213
0021400243,104,93,11,197
0021400671,74,99,25,173
0021400056,112,106,6,218
0021400623,94,86,8,180
0021400944,98,80,18,178
0021400812,76,92,16,168
0021400345,120,115,5,235
0021400963,87,107,20,194
0021400434,107,77,30,184
0021401103,88,101,13,189
0021400477,78,99,21,177
0021400275,85,112,27,197
0021400354,99,91,8,190
0021400956,91,97,6,188
0021401195,77,116,39,193
0021400502,91,127,36,218
0021400331,101,95,6,196
0021401205,112,108,4,220
0021401066,111,89,22,200
0021400595,96,110,14,206
0021400360,96,94,2,190
0021400112,81,75,6,156
0021400371,92,109,17,201
0021400328,106,115,9,221
0021400697,99,105,6,204
0021401126,106,107,1,213
0021400134,93,111,18,204
0021400558,89,120,31,209
0021400245,86,79,7,165
0021400365,98,105,7,203
0021400716,83,75,8,158
0021400481,93,95,2,188
0021400485,100,98,2,198
0021400675,104,91,13,195
0021400543,86,102,16,188
0021400893,92,97,5,189
0021400857,81,89,8,170
0021400232,97,122,25,219
0021400875,101,74,27,175
0021400237,75,105,30,180
0021400682,69,89,20,158
0021401056,117,127,10,244
0021400653,86,101,15,187
0021401055,88,89,1,177
0021400610,69,89,20,158
0021400937,100,93,7,193
0021400657,96,84,12,180
0021400301,108,92,16,200
0021400120,70,123,53,193
0021400223,109,102,7,211
0021400672,84,92,8,176
0021400624,109,99,10,208
0021400051,98,83,15,181
0021400684,102,119,17,221
0021400686,98,110,12,208
0021400213,99,91,8,190
0021400915,97,106,9,203
0021400242,102,84,18,186
0021400169,98,92,6,190
0021401062,95,83,12,178
0021401120,135,131,4,266
0021400030,114,96,18,210
0021400165,88,86,2,174
0021400726,98,105,7,203
0021400891,79,110,31,189
0021400709,101,114,13,215
0021401109,95,105,10,200
0021400635,103,100,3,203
0021400081,110,101,9,211
0021400526,86,96,10,182
0021400064,92,94,2,186
0021400770,98,97,1,195
0021400193,91,107,16,198
0021400863,98,102,4,200
0021400731,109,114,5,223
0021400507,109,125,16,234
0021400412,97,91,6,188
0021401123,113,92,21,205
0021401000,95,105,10,200
0021400316,87,96,9,183
0021400037,91,118,27,209
0021400111,109,94,15,203
0021400067,109,131,22,240
0021400997,66,94,28,160
0021400572,108,104,4,212
0021401174,105,116,11,221
0021400050,108,91,17,199
0021400739,103,110,7,213
0021400849,96,102,6,198
0021400007,95,107,12,202
0021400403,105,110,5,215
0021400268,96,105,9,201
0021400177,121,92,29,213
0021400523,105,93,12,198
0021400587,98,96,2,194
0021400144,69,65,4,134
0021400281,105,91,14,196
0021400787,106,96,10,202
0021401052,106,104,2,210
0021400514,110,101,9,211
0021400373,105,87,18,192
0021400136,88,95,7,183
0021400273,90,87,3,177
0021400415,108,128,20,236
0021400810,100,111,11,211
0021400736,105,113,8,218
0021400463,104,103,1,207
0021400059,110,107,3,217
0021400859,98,106,8,204
0021400451,129,135,6,264
0021400482,101,106,5,207
0021400886,108,110,2,218
0021400872,98,103,5,201
0021400705,99,94,5,193
0021400310,105,114,9,219
0021401075,119,98,21,217
0021400724,94,100,6,194
0021400110,97,100,3,197
0021400710,74,85,11,159
0021401159,100,105,5,205
0021400199,74,106,32,180
0021400574,98,93,5,191
0021401118,91,95,4,186
0021400160,86,88,2,174
0021401190,86,94,8,180
0021400850,110,96,14,206
0021400545,95,100,5,195
0021401007,104,108,4,212
0021400014,95,77,18,172
0021400391,106,109,3,215
0021400053,90,98,8,188
0021400170,110,93,17,203
0021401084,76,94,18,170
0021400020,90,93,3,183
0021400612,76,111,35,187
0021400469,106,110,4,216
0021400284,118,106,12,224
0021400283,114,112,2,226
0021401059,122,108,14,230
0021400995,92,106,14,198
0021400905,94,100,6,194
0021400423,108,101,7,209
0021400442,115,106,9,221
0021400541,95,106,11,201
0021400229,78,105,27,183
0021400295,84,96,12,180
0021401204,107,97,10,204
0021400741,114,128,14,242
0021400416,104,125,21,229
0021400467,96,82,14,178
0021400496,104,109,5,213
0021400157,81,98,17,179
0021400943,78,106,28,184
0021400052,88,100,12,188
0021400341,114,87,27,201
0021400717,80,92,12,172
0021400190,111,100,11,211
0021400614,93,102,9,195
0021400125,122,121,1,243
0021401104,96,99,3,195
0021400811,81,89,8,170
0021400011,79,89,10,168
0021400143,91,84,7,175
0021400292,105,96,9,201
0021400907,93,102,9,195
0021400844,94,115,21,209
0021400235,110,103,7,213
0021400761,81,89,8,170
0021400364,95,91,4,186
0021400921,111,120,9,231
0021400086,106,101,5,207
0021400459,104,94,10,198
0021400077,84,103,19,187
0021400957,120,108,12,228
0021400421,96,102,6,198
0021400638,101,99,2,200
0021400109,103,107,4,210
0021400676,103,95,8,198
0021400138,87,97,10,184
0021401222,138,113,25,251
0021400336,114,119,5,233
0021400808,109,111,2,220
0021400339,112,110,2,222
0021400615,79,122,43,201
0021400098,111,118,7,229
0021400312,101,114,13,215
0021400010,104,80,24,184
0021400674,98,102,4,200
0021401220,83,95,12,178
0021401023,92,95,3,187
0021400746,88,92,4,180
0021400221,112,120,8,232
0021400642,93,103,10,196
0021401173,89,78,11,167
0021400559,104,90,14,194
0021400436,117,111,6,228
0021400454,106,110,4,216
0021400158,106,100,6,206
0021400013,99,119,20,218
0021400304,107,112,5,219
0021400187,83,91,8,174
0021400210,105,97,8,202
0021400719,92,88,4,180
0021401230,122,99,23,221
0021400668,96,106,10,202
0021400950,82,87,5,169
0021400714,105,85,20,190
0021400080,105,82,23,187
0021400027,109,104,5,213
0021400636,113,126,13,239
0021400625,76,78,2,154
0021400665,111,114,3,225
0021400512,105,114,9,219
0021400241,111,89,22,200
0021401124,88,114,26,202
0021400754,89,90,1,179
0021400922,89,104,15,193
0021400351,100,94,6,194
0021401089,108,95,13,203
0021400599,126,121,5,247
0021400641,91,86,5,177
0021400533,102,117,15,219
0021400070,87,108,21,195
0021400315,95,98,3,193
0021400854,99,110,11,209
0021400450,71,88,17,159
0021400820,99,126,27,225
0021400440,102,106,4,208
0021400153,93,102,9,195
0021400106,98,106,8,204
0021400357,105,87,18,192
0021400119,100,93,7,193
0021400877,96,86,10,182
0021400853,95,111,16,206
0021400370,127,98,29,225
0021400973,103,114,11,217
0021400042,95,90,5,185
0021400486,119,101,18,220
0021400664,110,114,4,224
0021400465,109,86,23,195
0021401094,88,110,22,198
0021400763,93,96,3,189
0021400128,91,139,48,230
0021400173,122,96,26,218
0021400353,95,90,5,185
0021401217,85,91,6,176
0021400939,105,130,25,235
0021400148,118,114,4,232
0021400771,109,98,11,207
0021400447,100,107,7,207
0021400095,95,107,12,202
0021400404,84,100,16,184
0021400039,98,92,6,190
0021401145,85,87,2,172
0021400209,109,114,5,223
0021400430,93,113,20,206
0021400878,108,101,7,209
0021400267,112,102,10,214
0021400841,92,99,7,191
0021401228,87,92,5,179
0021400251,103,101,2,204
0021400809,127,89,38,216
0021401132,92,100,8,192
0021401133,97,84,13,181
0021401149,89,112,23,201
0021401031,99,113,14,212
0021401053,76,107,31,183
0021400344,106,111,5,217
0021400593,115,127,12,242
0021400801,89,104,15,193
0021400206,114,97,17,211
0021400619,92,89,3,181
0021400139,91,94,3,185
0021400058,91,89,2,180
0021400715,87,106,19,193
0021400079,114,112,2,226
0021401150,92,107,15,199
0021400985,123,108,15,231
0021400711,106,90,16,196
0021400429,91,101,10,192
0021400662,106,99,7,205
0021400592,110,89,21,199
0021400503,109,90,19,199
0021400826,94,119,25,213
0021400806,91,100,9,191
0021400802,115,119,4,234
0021400271,123,104,19,227
0021400356,91,110,19,201
0021400517,94,98,4,192
0021400640,84,123,39,207
0021400732,96,105,9,201
0021400633,105,103,2,208
0021400611,80,105,25,185
0021401162,119,90,29,209
0021400539,90,88,2,178
0021400118,110,111,1,221
0021401071,91,130,39,221
0021401144,107,92,15,199
0021400288,108,101,7,209
0021400693,69,99,30,168
0021400583,100,94,6,194
0021400529,108,95,13,203
0021400468,87,95,8,182
0021400534,89,114,25,203
0021400091,97,96,1,193
0021401006,83,94,11,177
0021400522,94,98,4,192
0021400089,100,99,1,199
0021400114,102,109,7,211
0021400925,109,114,5,223
0021400291,101,123,22,224
0021400737,101,102,1,203
0021400349,93,75,18,168
0021401170,91,103,12,194
0021400701,103,108,5,211
0021400441,93,114,21,207
0021400155,114,109,5,223
0021400363,95,109,14,204
0021400476,95,106,11,201
0021400390,129,119,10,248
0021401131,82,88,6,170
0021400895,95,106,11,201
0021401202,100,90,10,190
0021401146,90,99,9,189
0021400332,70,88,18,158
0021401200,91,107,16,198
0021400019,102,120,18,222
0021400816,110,103,7,213
0021400367,107,87,20,194
0021400216,104,98,6,202
0021400307,120,121,1,241
0021400762,101,111,10,212
0021400024,89,94,5,183
0021401107,86,109,23,195
0021400200,114,104,10,218
0021400088,92,93,1,185
0021400869,112,115,3,227
0021401034,117,102,15,219
0021400478,83,102,19,185
0021400220,100,106,6,206
0021400225,91,100,9,191
0021400654,83,101,18,184
0021400129,96,89,7,185
0021400630,86,92,6,178
0021400338,100,95,5,195
0021400204,97,95,2,192
0021401227,105,101,4,206
0021400377,100,102,2,202
0021400765,108,131,23,239
0021400540,106,103,3,209
0021401038,75,93,18,168
0021400908,98,93,5,191
0021400297,96,94,2,190
0021401214,93,95,2,188
0021400140,87,112,25,199
0021401079,96,92,4,188
0021400444,102,94,8,196
0021400968,107,114,7,221
0021400897,105,100,5,205
0021400666,117,115,2,232
0021400458,116,107,9,223
0021400887,98,115,17,213
0021400212,111,96,15,207
0021400361,95,108,13,203
0021400565,114,111,3,225
0021400631,98,75,23,173
0021401160,92,74,18,166
0021400073,118,115,3,233
0021401043,105,97,8,202
0021400201,100,104,4,204
0021400480,134,137,3,271
0021400835,115,110,5,225
0021400874,104,94,10,198
0021400397,93,99,6,192
0021401105,83,97,14,180
0021401058,106,107,1,213
0021400305,102,86,16,188
0021400916,108,100,8,208
0021400178,94,92,2,186
0021400308,101,105,4,206
0021401168,98,110,12,208
0021401164,113,103,10,216
0021400382,109,114,5,223
0021400166,92,96,4,188
0021400547,94,112,18,206
0021400214,102,109,7,211
0021400967,91,101,10,192
0021401171,104,107,3,211
0021400594,89,97,8,186
0021400521,105,104,1,209
0021400708,85,91,6,176
0021400303,110,88,22,198
0021401209,90,101,11,191
0021400586,109,102,7,211
0021400606,113,105,8,218
0021400748,97,103,6,200
0021401002,94,107,13,201
0021400551,93,98,5,191
0021400954,92,95,3,187
0021400530,90,93,3,183
0021400162,101,90,11,191
0021400926,92,86,6,178
0021400049,87,81,6,168
0021400744,101,78,23,179
0021400969,88,95,7,183
0021400395,86,104,18,190
0021400102,89,85,4,174
0021401122,126,122,4,248
0021400994,122,106,16,228
0021400319,79,95,16,174
0021401130,109,114,5,223
0021400860,121,115,6,236
0021400575,113,120,7,233
0021400227,106,102,4,208
0021400317,103,96,7,199
0021400975,99,118,19,217
0021401125,108,101,7,209
0021401212,107,111,4,218
0021400884,99,92,7,191
0021400405,96,88,8,184
0021400202,86,91,5,177
0021400561,84,103,19,187
0021400692,115,100,15,215
0021400282,107,101,6,208
0021400706,108,93,15,201
0021400784,127,118,9,245
0021400793,94,91,3,185
0021400626,92,106,14,198
0021401215,95,99,4,194
0021400757,85,98,13,183
0021400247,93,107,14,200
0021400704,93,99,6,192
0021400749,116,124,8,240
0021400195,93,94,1,187
0021400759,77,114,37,191
0021400061,95,98,3,193
0021401012,102,107,5,209
0021400474,86,126,40,212
0021400176,100,117,17,217
0021400898,84,85,1,169
0021400516,105,101,4,206
0021400492,98,92,6,190
0021400722,100,115,15,215
0021400171,88,103,15,191
0021401127,74,93,19,167
0021401032,123,111,12,234
0021400935,98,103,5,201
0021401167,104,99,5,203
0021401196,111,122,11,233
0021401117,111,115,4,226
0021400127,87,88,1,175
0021400562,106,94,12,200
0021400069,81,98,17,179
0021401001,100,104,4,204
0021400823,89,106,17,195
0021400774,95,93,2,188
0021400036,91,102,11,193
0021400752,107,123,16,230
0021400400,108,118,10,226
0021400379,97,103,6,200
0021400718,84,97,13,181
0021400250,86,107,21,193
0021400945,76,89,13,165
0021400847,88,104,16,192
0021401136,107,77,30,184
0021400892,96,104,8,200
0021400977,97,113,16,210
0021401021,81,97,16,178
0021400004,106,108,2,214
0021400145,136,115,21,251
0021400026,118,111,7,229
0021400996,115,119,4,234
0021400135,99,90,9,189
0021400396,104,97,7,201
0021400976,93,89,4,182
0021400150,107,93,14,200
0021400083,97,90,7,187
0021400208,99,89,10,188
0021400016,105,98,7,203
0021400123,85,101,16,186
0021400987,113,97,16,210
0021400185,99,92,7,191
0021400231,104,112,8,216
0021400085,92,102,10,194
0021400352,88,112,24,200
0021400821,101,83,18,184
0021400487,97,81,16,178
0021400425,115,124,9,239
0021400923,89,95,6,184
0021400837,90,87,3,177
0021400205,106,102,4,208
0021400620,94,108,14,202
0021401225,108,113,5,221
0021400261,117,109,8,226
0021400433,98,89,9,187
0021400829,111,118,7,229
0021400385,98,114,16,212
0021400196,91,86,5,177
0021400322,95,109,14,204
0021400832,102,113,11,215
0021401226,112,90,22,202
0021400768,103,102,1,205
0021400647,92,84,8,176
0021400855,113,117,4,230
0021400797,82,87,5,169
0021400122,108,87,21,195
0021401047,87,101,14,188
0021400792,103,111,8,214
0021400298,102,125,23,227
0021400560,110,122,12,232
0021400861,113,89,24,202
0021400652,71,76,5,147
0021400663,95,101,6,196
0021400984,118,111,7,229
0021400280,98,75,23,173
0021401065,116,103,13,219
0021401041,89,106,17,195
0021400556,108,93,15,201
0021400617,98,110,12,208
0021400255,106,96,10,202
0021400691,98,106,8,204
0021400159,92,90,2,182
0021400755,116,113,3,229
0021401003,84,85,1,169
0021401036,91,106,15,197
0021401022,127,129,2,256
0021400488,83,111,28,194
0021400783,106,78,28,184
0021400266,93,95,2,188
0021400965,91,109,18,200
0021400432,109,107,2,216
0021401142,123,110,13,233
0021400172,105,100,5,205
0021400688,92,100,8,192
0021400493,105,126,21,231
0021401147,115,112,3,227
0021400392,104,103,1,207
0021401137,91,92,1,183
0021400248,122,129,7,251
0021400511,96,88,8,184
0021400978,94,87,7,181
0021400651,101,126,25,227
0021400484,91,87,4,178
0021400015,89,106,17,195
0021400646,102,98,4,200
0021400097,92,107,15,199
0021400858,88,95,7,183
0021400132,93,98,5,191
0021400655,73,108,35,181
0021400941,101,91,10,192
0021400003,108,90,18,198
0021500758,81,84,3,165
0021500991,109,107,2,216
0021500538,94,103,9,197
0021500947,91,84,7,175
0021500095,95,99,4,194
0021500848,118,112,6,230
0021500595,103,117,14,220
0021501154,93,107,14,200
0021501038,100,105,5,205
0021500232,114,116,2,230
0021500296,105,108,3,213
0021500553,89,103,14,192
0021500254,105,116,11,221
0021501096,101,88,13,189
0021501108,105,139,34,244
0021500141,105,108,3,213
0021500463,97,104,7,201
0021500628,97,94,3,191
0021501220,112,110,2,222
0021500361,96,115,19,211
0021501163,124,117,7,241
0021500253,107,103,4,210
0021500319,100,105,5,205
0021500382,90,103,13,193
0021500284,106,109,3,215
0021500406,101,95,6,196
0021500779,103,89,14,192
0021500237,101,91,10,192
0021500427,91,100,9,191
0021500970,107,100,7,207
0021500031,114,132,18,246
0021500313,100,105,5,205
0021500179,95,120,25,215
0021500555,83,98,15,181
0021500799,112,104,8,216
0021500046,107,100,7,207
0021500709,105,109,4,214
0021500985,109,100,9,209
0021501192,106,105,1,211
0021500575,110,107,3,217
0021500092,103,94,9,197
0021500206,95,100,5,195
0021500821,103,95,8,198
0021500002,95,97,2,192
0021500845,103,114,11,217
0021500317,85,74,11,159
0021500769,108,116,8,224
0021500710,103,105,2,208
0021501043,88,91,3,179
0021500672,119,105,14,224
0021500878,76,87,11,163
0021500411,99,113,14,212
0021500435,120,85,35,205
0021500653,108,95,13,203
0021501007,118,114,4,232
0021500613,126,129,3,255
0021500201,107,93,14,200
0021500973,112,105,7,217
0021500846,105,108,3,213
0021500316,125,88,37,213
0021500327,85,106,21,191
0021500390,108,94,14,202
0021500363,94,104,10,198
0021500585,109,97,12,206
0021500630,87,106,19,193
0021500694,93,103,10,196
0021501228,96,101,5,197
0021500332,97,99,2,196
0021501217,88,98,10,186
0021500084,116,110,6,226
0021500060,98,100,2,198
0021500180,84,96,12,180
0021500104,95,109,14,204
0021500716,114,119,5,233
0021500658,101,106,5,207
0021500804,86,105,19,191
0021500052,96,102,6,198
0021501037,120,132,12,252
0021501022,108,115,7,223
0021500452,109,104,5,213
0021500582,89,108,19,197
0021500521,107,101,6,208
0021500739,134,121,13,255
0021501061,89,87,2,176
0021500548,128,108,20,236
0021500951,118,104,14,222
0021500686,97,110,13,207
0021500234,87,103,16,190
0021501012,101,94,7,195
0021500025,94,98,4,192
0021500479,80,94,14,174
0021500600,98,95,3,193
0021501091,105,108,3,213
0021501078,104,110,6,214
0021500163,115,98,17,213
0021500771,94,96,2,190
0021500168,106,102,4,208
0021500242,88,108,20,196
0021500832,111,115,4,226
0021500516,123,98,25,221
0021500744,107,102,5,209
0021500934,103,123,20,226
0021500414,105,102,3,207
0021500065,87,91,4,178
0021501157,90,103,13,193
0021500005,95,112,17,207
0021500767,102,106,4,208
0021500431,108,83,25,191
0021500556,128,116,12,244
0021500447,111,96,15,207
0021500677,103,113,10,216
0021500819,117,109,8,226
0021500546,99,100,1,199
0021500801,92,99,7,191
0021501025,117,112,5,229
0021500058,103,89,14,192
0021500016,111,104,7,215
0021500030,112,92,20,204
0021500321,109,103,6,212
0021500324,109,95,14,204
0021500126,104,118,14,222
0021500871,103,95,8,198
0021500400,91,107,16,198
0021500480,91,114,23,205
0021500712,117,121,4,238
0021500633,109,115,6,224
0021500519,91,78,13,169
0021501156,90,96,6,186
0021500782,116,102,14,218
0021500562,88,100,12,188
0021500662,103,121,18,224
0021500093,109,105,4,214
0021500283,91,108,17,199
0021500094,97,101,4,198
0021500325,122,123,1,245
0021501109,100,85,15,185
0021500045,103,93,10,196
0021501110,82,88,6,170
0021500419,104,90,14,194
0021501175,124,115,9,239
0021500047,103,96,7,199
0021500766,105,112,7,217
0021500977,104,112,8,216
0021500247,99,107,8,206
0021501191,102,105,3,207
0021500249,91,110,19,201
0021500844,104,112,8,216
0021500252,116,111,5,227
0021500958,94,115,21,209
0021500034,117,110,7,227
0021501180,109,102,7,211
0021501130,91,105,14,196
0021500880,111,102,9,213
0021500962,120,108,12,228
0021500894,108,121,13,229
0021500892,111,129,18,240
0021500368,112,100,12,212
0021500312,111,93,18,204
0021500331,94,107,13,201
0021500704,90,103,13,193
0021500812,101,98,3,199
0021500760,96,79,17,175
0021500039,94,92,2,186
0021500191,97,109,12,206
0021500388,107,97,10,204
0021500158,86,115,29,201
0021500322,93,92,1,185
0021500329,91,100,9,191
0021500154,111,95,16,206
0021501221,98,109,11,207
0021500473,93,87,6,180
0021500216,91,100,9,191
0021501032,89,99,10,188
0021500188,102,91,11,193
0021500974,83,95,12,178
0021500054,94,82,12,176
0021500068,108,92,16,200
0021500874,121,118,3,239
0021500910,104,101,3,205
0021501010,123,108,15,231
0021500051,69,119,50,188
0021500914,112,102,10,214
0021500692,92,111,19,203
0021500888,103,96,7,199
0021500571,114,120,6,234
0021500708,107,111,4,218
0021500028,75,102,27,177
0021500924,100,99,1,199
0021500550,83,97,14,180
0021500664,106,116,10,222
0021500639,104,98,6,202
0021500209,123,106,17,229
0021501047,91,92,1,183
0021501002,106,98,8,204
0021500960,101,109,8,210
0021500715,87,105,18,192
0021500006,115,100,15,215
0021500783,122,106,16,228
0021500787,121,119,2,240
0021501186,98,102,4,200
0021500798,96,100,4,196
0021500891,92,126,34,218
0021500718,116,95,21,211
0021500169,97,103,6,200
0021500167,112,85,27,197
0021501195,110,130,20,240
0021500202,122,127,5,249
0021500416,92,106,14,198
0021500091,79,89,10,168
0021500866,116,122,6,238
0021500281,111,123,12,234
0021500857,119,123,4,242
0021500966,118,96,22,214
0021501021,111,97,14,208
0021500273,90,99,9,189
0021500007,87,92,5,179
0021500472,123,131,8,254
0021500731,102,115,13,217
0021501049,102,109,7,211
0021500884,96,100,4,196
0021500183,93,90,3,183
0021500734,115,119,4,234
0021500506,97,111,14,208
0021500175,109,116,7,225
0021500936,113,107,6,220
0021500722,105,100,5,205
0021500809,106,116,10,222
0021501147,109,114,5,223
0021501079,94,116,22,210
0021500952,108,114,6,222
0021500543,125,99,26,224
0021500130,90,84,6,174
0021500145,87,95,8,182
0021500102,104,108,4,212
0021500752,107,93,14,200
0021500241,81,92,11,173
0021500396,88,104,16,192
0021500090,94,114,20,208
0021501225,97,92,5,189
0021500026,94,97,3,191
0021500462,111,105,6,216
0021501143,106,87,19,193
0021501048,117,102,15,219
0021500165,111,116,5,227
0021500737,95,102,7,197
0021501076,90,101,11,191
0021501168,97,104,7,201
0021500854,108,92,16,200
0021500099,84,97,13,181
0021501166,108,104,4,212
0021501128,91,100,9,191
0021500534,94,112,18,206
0021501114,109,105,4,214
0021500938,106,103,3,209
0021500113,93,95,2,188
0021501034,85,92,7,177
0021500240,88,90,2,178
0021501214,98,122,24,220
0021500597,83,77,6,160
0021500190,86,123,37,209
0021501066,98,114,16,212
0021500820,94,114,20,208
0021500288,108,114,6,222
0021500134,85,102,17,187
0021500620,81,98,17,179
0021500214,77,111,34,188
0021501070,94,106,12,200
0021500969,93,114,21,207
0021500786,111,112,1,223
0021500127,103,107,4,210
0021500806,86,98,12,184
0021500279,103,94,9,197
0021500618,99,101,2,200
0021500022,139,136,3,275
0021501042,88,80,8,168
0021500579,104,110,6,214
0021500668,116,91,25,207
0021500638,112,93,19,205
0021500119,106,98,8,204
0021500690,73,102,29,175
0021500309,103,101,2,204
0021500258,74,92,18,166
0021500875,106,111,5,217
0021500235,91,80,11,171
0021500981,116,123,7,239
0021500682,97,112,15,209
0021500215,87,101,14,188
0021501003,130,109,21,239
0021500471,90,99,9,189
0021501067,103,109,6,212
0021500082,100,92,8,192
0021500768,98,89,9,187
0021501185,93,103,10,196
0021500444,108,101,7,209
0021500132,97,102,5,199
0021500994,85,94,9,179
0021500574,101,96,5,197
0021500954,102,96,6,198
0021501202,93,89,4,182
0021501089,115,91,24,206
0021501229,105,114,9,219
0021500763,84,99,15,183
0021500968,99,96,3,195
0021500515,100,103,3,203
0021501172,91,81,10,172
0021501151,92,87,5,179
0021500293,113,120,7,233
0021500908,92,108,16,200
0021500837,101,108,7,209
0021500057,102,91,11,193
0021501015,98,116,18,214
0021500528,99,94,5,193
0021500404,109,116,7,225
0021501184,102,110,8,212
0021500136,98,107,9,205
0021500306,114,103,11,217
0021501093,101,104,3,205
0021501100,101,87,14,188
0021500408,104,94,10,198
0021501101,116,121,5,237
0021500213,93,88,5,181
0021501127,109,116,7,225
0021501068,84,92,8,176
0021500522,106,117,11,223
0021500451,111,104,7,215
0021501059,104,113,9,217
0021501013,99,94,5,193
0021500257,89,92,3,181
0021500032,92,110,18,202
0021500634,125,94,31,219
0021500432,89,115,26,204
0021501182,99,112,13,211
0021500196,91,80,11,171
0021500992,81,130,49,211
0021500018,112,103,9,215
0021500221,129,118,11,247
0021500170,103,108,5,211
0021501121,100,102,2,202
0021500323,94,97,3,191
0021500903,104,99,5,203
0021500466,101,97,4,198
0021500547,103,95,8,198
0021500135,82,90,8,172
0021500497,109,90,19,199
0021501158,92,108,16,200
0021500143,81,105,24,186
0021500110,99,83,16,182
0021500545,95,96,1,191
0021501026,130,112,18,242
0021500945,116,91,25,207
0021500490,91,103,12,194
0021500470,121,115,6,236
0021501223,96,91,5,187
0021501054,107,111,4,218
0021500923,89,102,13,191
0021500972,94,101,7,195
0021500703,107,103,4,210
0021500421,99,103,4,202
0021500542,84,91,7,175
0021501088,92,111,19,203
0021500162,94,102,8,196
0021501046,96,107,11,203
0021500073,96,84,12,180
0021500193,91,96,5,187
0021500675,90,120,30,210
0021500228,90,114,24,204
0021500024,113,103,10,216
0021500868,112,95,17,207
0021500700,84,102,18,186
0021500392,95,99,4,194
0021500956,128,97,31,225
0021501027,95,90,5,185
0021501188,107,118,11,225
0021501155,89,107,18,196
0021500070,98,104,6,202
0021500174,103,97,6,200
0021500373,104,98,6,202
0021500040,95,87,8,182
0021500385,107,87,20,194
0021500513,103,94,9,197
0021500277,95,97,2,192
0021500014,111,95,16,206
0021501045,75,91,16,166
0021500602,86,114,28,200
0021500859,119,105,14,224
0021500035,134,120,14,254
0021501081,116,105,11,221
0021500593,118,104,14,222
0021501044,91,124,33,215
0021500815,105,137,32,242
0021500986,108,99,9,207
0021500152,92,86,6,178
0021500461,108,91,17,199
0021500372,98,113,15,211
0021500851,119,128,9,247
0021500533,102,111,9,213
0021500487,95,89,6,184
0021501106,90,114,24,204
0021500456,112,122,10,234
0021500348,94,98,4,192
0021500643,88,91,3,179
0021500310,88,90,2,178
0021500581,104,107,3,211
0021500357,90,106,16,196
0021500814,116,100,16,216
0021500529,91,74,17,165
0021500856,107,112,5,219
0021500901,95,100,5,195
0021500294,109,103,6,212
0021500412,107,99,8,206
0021500592,98,116,18,214
0021501001,87,108,21,195
0021500433,104,96,8,200
0021500587,115,111,4,226
0021500001,106,94,12,200
0021500464,93,103,10,196
0021500772,100,93,7,193
0021500922,103,120,17,223
0021500619,111,101,10,212
0021500422,111,107,4,218
0021500181,96,86,10,182
0021500467,91,95,4,186
0021501117,89,91,2,180
0021500627,110,104,6,214
0021500993,94,128,34,222
0021500764,98,103,5,201
0021501095,111,133,22,244
0021500409,130,125,5,255
0021501033,101,122,21,223
0021500607,95,103,8,198
0021500100,111,88,23,199
0021500333,83,96,13,179
0021500824,115,92,23,207
0021500086,99,114,15,213
0021500111,104,95,9,199
0021500816,110,116,6,226
0021500389,109,101,8,210
0021500184,93,102,9,195
0021500698,94,113,19,207
0021500790,98,96,2,194
0021500705,91,109,18,200
0021501179,109,112,3,221
0021500267,115,112,3,227
0021500617,108,98,10,206
0021500380,104,94,10,198
0021500714,93,120,27,213
0021500307,104,97,7,201
0021500935,98,103,5,201
0021500265,96,93,3,189
0021500037,101,90,11,191
0021501161,88,86,2,174
0021500338,123,99,24,222
0021500292,102,96,6,198
0021500083,104,119,15,223
0021500504,108,111,3,219
0021500623,113,118,5,231
0021500577,84,107,23,191
0021501218,103,96,7,199
0021501116,99,79,20,178
0021500159,88,90,2,178
0021500153,95,96,1,191
0021501085,112,95,17,207
0021501173,87,95,8,182
0021500079,99,92,7,191
0021500498,82,94,12,176
0021501194,98,113,15,211
0021501178,99,113,14,212
0021500121,102,103,1,205
0021500454,91,100,9,191
0021501073,132,129,3,261
0021500004,88,87,1,175
0021500679,128,122,6,250
0021500755,104,103,1,207
0021501171,115,120,5,235
0021500105,92,94,2,186
0021500510,77,97,20,174
0021500645,120,116,4,236
0021500791,114,110,4,224
0021500864,97,99,2,196
0021500559,95,85,10,180
0021500081,121,115,6,236
0021500919,101,116,15,217
0021500227,95,90,5,185
0021500793,109,90,19,199
0021500342,87,109,22,196
0021500484,120,116,4,236
0021500728,96,105,9,201
0021500925,106,94,12,200
0021500355,76,96,20,172
0021500476,112,104,8,216
0021501069,95,104,9,199
0021500654,89,103,14,192
0021501064,103,104,1,207
0021500330,80,83,3,163
0021500527,121,115,6,236
0021500749,111,105,6,216
0021500352,112,110,2,222
0021500636,95,109,14,204
0021500873,102,91,11,193
0021500089,86,94,8,180
0021500589,101,103,2,204
0021500803,95,106,11,201
0021500225,120,114,6,234
0021500822,115,112,3,227
0021501212,90,102,12,192
0021500684,93,115,22,208
0021501136,109,106,3,215
0021500982,84,121,37,205
0021500940,90,100,10,190
0021500230,97,78,19,175
0021500625,91,79,12,170
0021500233,116,101,15,217
0021500300,114,98,16,212
0021500222,95,99,4,194
0021501077,109,112,3,221
0021500272,96,86,10,182
0021500862,103,94,9,197
0021500843,114,117,3,231
0021500537,92,101,9,193
0021501132,99,95,4,194
0021500457,98,94,4,192
0021500931,95,112,17,207
0021500171,103,110,7,213
0021500644,117,89,28,206
0021500384,100,104,4,204
0021500499,79,104,25,183
0021500417,89,110,21,199
0021501023,91,105,14,196
0021501153,107,100,7,207
0021500103,106,88,18,194
0021500905,81,97,16,178
0021500507,115,113,2,228
0021500063,86,96,10,182
0021500979,85,93,8,178
0021501170,86,88,2,174
0021500311,110,106,4,216
0021500375,102,107,5,209
0021500735,97,106,9,203
0021500723,97,112,15,209
0021500378,90,106,16,196
0021500855,130,114,16,244
0021500754,119,128,9,247
0021500564,110,115,5,225
0021500393,107,115,8,222
0021500781,112,106,6,218
0021500612,83,112,29,195
0021500831,115,126,11,241
0021500481,79,112,33,191
0021500810,104,109,5,213
0021500598,107,109,2,216
0021501004,99,107,8,206
0021501020,109,103,6,212
0021500297,119,122,3,241
0021500041,89,109,20,198
0021500344,105,100,5,205
0021500591,103,101,2,204
0021500192,97,95,2,192
0021500817,93,111,18,204
0021500929,107,97,10,204
0021500933,114,116,2,230
0021501040,105,109,4,214
0021500256,100,106,6,206
0021500339,105,107,2,212
0021500594,93,113,20,206
0021500229,78,111,33,189
0021500362,95,112,17,207
0021500631,91,78,13,169
0021501138,115,102,13,217
0021500142,83,92,9,175
0021500939,91,99,8,190
0021501164,81,103,22,184
0021500124,91,92,1,183
0021501162,115,107,8,222
0021500509,112,106,6,218
0021501152,111,136,25,247
0021500941,112,115,3,227
0021500374,116,119,3,235
0021500721,111,106,5,217
0021500671,112,111,1,223
0021500140,110,98,12,208
0021501148,107,119,12,226
0021500172,98,109,11,207
0021500469,96,108,12,204
0021501211,105,101,4,206
0021500503,87,92,5,179
0021500673,95,92,3,187
0021500765,114,110,4,224
0021501018,110,118,8,228
0021500740,114,117,3,231
0021500719,93,96,3,189
0021500955,108,120,12,228
0021500346,96,118,22,214
0021500012,122,97,25,219
0021500059,120,109,11,229
0021501133,110,113,3,223
0021500552,105,99,6,204
0021500027,118,113,5,231
0021500640,102,115,13,217
0021500358,105,82,23,187
0021500067,97,118,21,215
0021500561,103,107,4,210
0021500122,92,101,9,193
0021500148,97,96,1,193
0021500773,119,128,9,247
0021500350,114,111,3,225
0021501141,115,106,9,221
0021500572,107,91,16,198
0021501087,93,84,9,177
0021501062,104,113,9,217
0021500850,104,109,5,213
0021500807,98,109,11,207
0021500371,81,107,26,188
0021500717,78,91,13,169
0021500949,98,107,9,205
0021500442,98,117,19,215
0021500785,111,108,3,219
0021500160,99,104,5,203
0021500896,101,107,6,208
0021501196,91,98,7,189
0021501039,120,105,15,225
0021500425,108,106,2,214
0021500611,74,99,25,173
0021500418,100,99,1,199
0021500328,98,95,3,193
0021500320,81,99,18,180
0021501000,107,89,18,196
0021501102,91,99,8,190
0021500116,102,91,11,193
0021500560,98,101,3,199
0021500961,98,116,18,214
0021500680,89,106,17,195
0021500274,101,108,7,209
0021500753,94,106,12,200
0021500833,96,88,8,184
0021500071,96,84,12,180
0021500725,98,114,16,212
0021500080,87,90,3,177
0021501082,110,120,10,230
0021500748,110,103,7,213
0021500792,134,139,5,273
0021500185,114,107,7,221
0021500887,121,128,7,249
0021500916,112,114,2,226
0021500460,89,104,15,193
0021500761,104,108,4,212
0021500762,104,112,8,216
0021500250,107,102,5,209
0021500161,103,91,12,194
0021500730,97,89,8,186
0021501159,109,80,29,189
0021500944,99,104,5,203
0021500573,101,106,5,207
0021500491,82,106,24,188
0021500147,94,106,12,200
0021500345,98,93,5,191
0021501167,103,121,18,224
0021500882,101,128,27,229
0021500280,103,83,20,186
0021500011,106,76,30,182
0021500601,91,77,14,168
0021500943,113,119,6,232
0021500909,94,86,8,180
0021500544,91,86,5,177
0021500660,95,98,3,193
0021501028,101,93,8,194
0021500270,122,127,5,249
0021500405,86,108,22,194
0021500890,95,105,10,200
0021500446,99,93,6,192
0021500210,97,121,24,218
0021500437,105,96,9,201
0021500829,85,98,13,183
0021500064,114,119,5,233
0021500827,104,96,8,200
0021500885,108,116,8,224
0021500349,97,126,29,223
0021501140,95,102,7,197
0021500911,106,121,15,227
0021500681,100,107,7,207
0021500231,92,104,12,196
0021500455,96,112,16,208
0021500182,90,104,14,194
0021500286,87,100,13,187
0021500876,98,96,2,194
0021500897,89,102,13,191
0021500173,89,93,4,182
0021500019,112,101,11,213
0021500841,89,109,20,198
0021500391,147,144,3,291
0021501104,75,123,48,198
0021500689,99,130,31,229
0021500942,109,90,19,199
0021500696,105,114,9,219
0021500774,91,108,17,199
0021501031,115,111,4,226
0021500950,113,122,9,235
0021500245,101,120,19,221
0021500050,106,101,5,207
0021500118,108,118,10,226
0021500661,101,104,3,205
0021500394,88,97,9,185
0021500802,95,121,26,216
0021500010,105,85,20,190
0021500290,112,109,3,221
0021500260,98,112,14,210
0021500131,81,100,19,181
0021500356,98,104,6,202
0021500003,95,111,16,206
0021500699,114,106,8,220
0021500930,104,96,8,200
0021500243,87,101,14,188
0021500508,97,75,22,172
0021501224,81,116,35,197
0021500076,98,118,20,216
0021500536,126,98,28,224
0021500569,97,116,19,213
0021500621,100,112,12,212
0021501112,94,102,8,196
0021500648,116,88,28,204
0021500383,99,109,10,208
0021500493,81,108,27,189
0021500078,102,108,6,210
0021500652,110,122,12,232
0021500505,99,130,31,229
0021500166,101,104,3,205
0021500946,94,110,16,204
0021501197,109,108,1,217
0021500020,88,104,16,192
0021501019,69,103,34,172
0021500443,92,98,6,190
0021500402,84,96,12,180
0021501139,94,90,4,184
0021500566,106,79,27,185
0021500701,108,116,8,224
0021500049,105,110,5,215
0021500610,87,117,30,204
0021501006,96,117,21,213
0021500915,104,105,1,209
0021500998,110,116,6,226
0021500149,100,85,15,185
0021500500,95,85,10,180
0021501200,96,118,22,214
0021500336,124,119,5,243
0021500430,100,113,13,213
0021500458,98,108,10,206
0021500251,84,92,8,176
0021500483,110,105,5,215
0021500624,132,140,8,272
0021500964,89,95,6,184
0021500164,110,115,5,225
0021500830,103,129,26,232
0021500549,117,113,4,230
0021500008,94,104,10,198
0021500218,81,104,23,185
0021501058,102,118,16,220
0021500713,103,117,14,220
0021500963,103,118,15,221
0021500586,90,104,14,194
0021500614,112,95,17,207
0021500877,99,113,14,212
0021500795,111,120,9,231
0021501053,113,99,14,212
0021500604,119,117,2,236
0021500347,103,78,25,181
0021500926,118,132,14,250
0021500315,105,110,5,215
0021501124,103,100,3,203
0021500066,103,98,5,201
0021500688,126,123,3,249
0021500895,105,109,4,214
0021500203,103,117,14,220
0021501071,91,113,22,204
0021501144,103,112,9,215
0021500917,83,108,25,191
0021501134,85,98,13,183
0021501165,109,123,14,232
0021501055,100,107,7,207
0021501041,94,85,9,179
0021500114,99,101,2,200
0021501206,120,111,9,231
0021500834,93,101,8,194
0021500669,89,84,5,173
0021500987,90,87,3,177
0021500410,99,113,14,212
0021500777,98,92,6,190
0021500687,85,83,2,168
0021500077,104,98,6,202
0021500567,114,100,14,214
0021500990,119,124,5,243
0021500036,91,101,10,192
0021500318,106,114,8,220
0021501014,109,106,3,215
0021500978,92,103,11,195
0021500858,116,106,10,222
0021500151,85,97,12,182
0021500976,125,111,14,236
0021500369,97,107,10,204
0021500756,91,85,6,176
0021500496,119,142,23,261
0021500097,103,124,21,227
0021500512,99,109,10,208
0021500282,114,97,17,211
0021500605,95,113,18,208
0021501063,88,112,24,200
0021501174,98,106,8,204
0021501084,115,91,24,206
0021501092,90,105,15,195
0021500838,122,124,2,246
0021500085,102,93,9,195
0021500449,111,118,7,229
0021500902,98,104,6,202
0021500502,103,121,18,224
0021500107,125,101,24,226
0021500517,116,104,12,220
0021500087,105,97,8,202
0021500539,115,118,3,233
0021500129,93,106,13,199
0021501052,105,100,5,205
0021500285,95,102,7,197
0021500615,113,119,6,232
0021501097,99,110,11,209
0021500711,123,122,1,245
0021500365,108,114,6,222
0021500492,94,104,10,198
0021500485,114,110,4,224
0021500616,119,124,5,243
0021501142,93,110,17,203
0021500980,100,116,16,216
0021500486,90,115,25,205
0021501050,109,104,5,213
0021500205,88,109,21,197
0021500043,87,92,5,179
0021501057,79,91,12,170
0021501036,79,87,8,166
0021500351,95,108,13,203
0021500013,106,112,6,218
0021500441,111,90,21,201
0021500655,84,97,13,181
0021500075,87,92,5,179
0021501209,79,112,33,191
0021501131,110,108,2,218
0021500133,100,101,1,201
0021500646,101,110,9,211
0021500264,91,94,3,185
0021501030,103,115,12,218
0021500988,107,96,11,203
0021500021,92,102,10,194
0021500743,81,85,4,166
0021501177,101,112,11,213
0021500275,70,95,25,165
0021500248,83,87,4,170
0021501017,86,96,10,182
0021500796,113,90,23,203
0021500738,114,100,14,214
0021500912,101,108,7,209
0021500840,124,115,9,239
0021500436,88,94,6,182
0021501111,106,100,6,206
0021501094,105,117,12,222
0021501201,92,86,6,178
0021500475,93,100,7,193
0021500683,92,90,2,182
0021500198,116,122,6,238
0021501035,102,113,11,215
0021501135,112,106,6,218
0021501169,111,97,14,208
0021500608,82,109,27,191
0021500928,94,104,10,198
0021500530,78,74,4,152
0021500906,107,117,10,224
0021500224,83,88,5,171
0021500588,106,103,3,209
0021500398,78,118,40,196
0021500314,131,123,8,254
0021500125,129,116,13,245
0021501011,85,121,36,206
0021500199,114,117,3,231
0021500381,103,128,25,231
0021501024,111,116,5,227
0021500266,113,104,9,217
0021500197,101,111,10,212
0021500609,110,103,7,213
0021500353,101,108,7,209
0021500849,105,114,9,219
0021500354,97,100,3,197
0021501146,88,78,10,166
0021500207,84,98,14,182
0021500872,104,94,10,198
0021500526,95,86,9,181
0021500932,109,100,9,209
0021500893,104,85,19,189
0021500289,108,105,3,213
0021501075,97,108,11,205
0021501086,107,93,14,200
0021500278,106,105,1,211
0021500208,111,89,22,200
0021500101,117,107,10,224
0021500870,112,110,2,222
0021501005,98,99,1,197
0021500999,114,131,17,245
0021500474,122,117,5,239
0021500805,104,110,6,214
0021500259,106,103,3,209
0021500583,110,112,2,222
0021500450,86,101,15,187
0021500920,121,120,1,241
0021500776,87,89,2,176
0021500117,98,106,8,204
0021500695,83,103,20,186
0021500747,99,96,3,195
0021500666,94,112,18,206
0021500015,94,112,18,206
0021500137,109,111,2,220
0021500825,121,101,20,222
0021500706,93,105,12,198
0021500676,91,89,2,180
0021501098,119,100,19,219
0021501119,103,96,7,199
0021500826,118,111,7,229
0021500397,112,121,9,233
0021500757,110,115,5,225
0021500570,109,99,10,208
0021500904,104,98,6,202
0021500836,102,92,10,194
0021500729,104,111,7,215
0021501129,98,89,9,187
0021500420,93,92,1,185
0021500146,114,106,8,220
0021500647,108,86,22,194
0021500520,101,111,10,212
0021500759,116,90,26,206
0021500670,102,108,6,210
0021500957,120,111,9,231
0021500478,100,102,2,202
0021500244,96,108,12,204
0021500726,92,107,15,199
0021500524,109,88,21,197
0021500387,94,102,8,196
0021500238,90,111,21,201
0021500439,84,88,4,172
0021501060,115,107,8,222
0021501213,99,93,6,192
0021501227,104,125,21,229
0021500287,100,96,4,196
0021500800,103,116,13,219
0021500565,86,74,12,160
0021501029,97,109,12,206
0021500413,97,106,9,203
0021500261,87,102,15,189
0021500337,83,90,7,173
0021500239,84,82,2,166
0021500514,89,115,26,204
0021500813,98,95,3,193
0021500263,91,103,12,194
0021501126,117,119,2,236
0021500900,94,104,10,198
0021500195,82,92,10,174
0021500789,117,95,22,212
0021500823,111,106,5,217
0021500295,91,106,15,197
0021500340,108,111,3,219
0021500128,93,102,9,195
0021500468,103,122,19,225
0021500477,91,94,3,185
0021500540,97,88,9,185
0021500056,103,94,9,197
0021500495,100,97,3,197
0021500440,94,84,10,178
0021500156,80,93,13,173
0021500780,117,110,7,227
0021500596,116,104,12,220
0021501203,94,109,15,203
0021501150,102,98,4,200
0021501198,100,84,16,184
0021500386,97,104,7,201
0021500741,93,90,3,183
0021500098,120,103,17,223
0021500937,103,108,5,211
0021500305,119,68,51,187
0021500308,93,102,9,195
0021500835,122,95,27,217
0021500811,114,121,7,235
0021500563,92,95,3,187
0021500217,80,84,4,164
0021500727,93,112,19,205
0021500778,104,105,1,209
0021500649,81,101,20,182
0021500967,114,121,7,235
0021500150,101,107,6,208
0021500304,84,104,20,188
0021500434,85,103,18,188
0021500650,98,102,4,200
0021500062,87,101,14,188
0021500415,95,102,7,197
0021500445,108,110,2,218
0021501199,105,129,24,234
0021500674,129,128,1,257
0021500863,95,108,13,203
0021500525,98,90,8,188
0021500861,96,95,1,191
0021500187,94,106,12,200
0021501120,111,120,9,231
0021500839,84,124,40,208
0021500584,85,99,14,184
0021500518,93,91,2,184
0021500276,103,91,12,194
0021500200,118,105,13,223
0021500635,123,114,9,237
0021500123,113,101,12,214
0021500622,132,98,34,230
0021500724,110,95,15,205
0021500335,107,95,12,202
0021501105,93,105,12,198
0021500298,101,103,2,204
0021500667,107,114,7,221
0021500879,101,114,13,215
0021500023,99,71,28,170
0021500204,78,95,17,173
0021500842,114,110,4,224
0021501181,109,124,15,233
0021500494,84,93,9,177
0021500482,103,110,7,213
0021500370,95,113,18,208
0021500554,108,95,13,203
0021501125,95,101,6,196
0021500921,106,77,29,183
0021500886,95,100,5,195
0021500883,98,81,17,179
0021500269,108,104,4,212
0021500053,105,130,25,235
0021500918,88,94,6,182
0021500395,88,97,9,185
0021501216,84,110,26,194
0021500212,111,94,17,205
0021501113,97,105,8,202
0021501090,102,99,3,201
0021500157,101,120,19,221
0021501145,110,118,8,228
0021501056,122,101,21,223
0021500742,97,110,13,207
0021500042,87,106,19,193
0021500852,116,103,13,219
0021500291,84,99,15,183
0021500657,99,116,17,215
0021500750,96,102,6,198
0021500691,107,127,20,234
0021500088,98,107,9,205
0021501190,100,99,1,199
0021501208,121,116,5,237
0021500268,116,99,17,215
0021500745,108,102,6,210
0021500808,115,111,4,226
0021500429,100,107,7,207
0021500788,110,123,13,233
0021501123,114,94,20,208
0021500038,109,114,5,223
0021501115,94,105,11,199
0021501009,122,106,16,228
0021501107,98,96,2,194
0021500606,89,114,25,203
0021500997,98,103,5,201
0021500120,100,84,16,184
0021500061,99,102,3,201
0021500271,87,99,12,186
0021500568,103,111,8,214
0021500029,95,78,17,173
0021500733,95,107,12,202
0021500531,100,91,9,191
0021500889,131,116,15,247
0021500693,117,113,4,230
0021500423,102,89,13,191
0021500784,119,101,18,220
0021500115,119,103,16,222
0021500194,107,102,5,209
0021500144,99,107,8,206
0021500775,100,120,20,220
0021500736,124,86,38,210
0021500678,102,98,4,200
0021500303,95,98,3,193
0021500656,112,92,20,204
0021501016,102,118,16,220
0021500959,96,104,8,200
0021500262,97,85,12,182
0021500659,96,83,13,179
0021500226,102,91,11,193
0021500359,105,103,2,208
0021500033,97,76,21,173
0021500341,94,90,4,184
0021500236,135,116,19,251
0021500376,106,127,21,233
0021500751,98,95,3,193
0021501183,98,111,13,209
0021500367,89,77,12,166
0021500177,124,117,7,241
0021500108,88,101,13,189
0021501008,114,108,6,222
0021500255,105,95,10,200
0021500599,101,108,7,209
0021501226,109,144,35,253
0021501207,129,105,24,234
0021500746,105,111,6,216
0021500685,103,111,8,214
0021500576,91,95,4,186
0021500501,105,98,7,203
0021500428,119,118,1,237
0021500641,99,115,16,214
0021501051,103,97,6,200
0021500907,98,103,5,201
0021500642,102,101,1,203
0021500048,94,84,10,178
0021500697,114,91,23,205
0021500438,83,89,6,172
0021500707,108,105,3,213
0021501122,87,107,20,194
0021501204,98,107,9,205
0021501230,99,107,8,206
0021500995,104,107,3,211
0021500189,97,91,6,188
0021500637,94,106,12,200
0021500558,111,114,3,225
0021500865,88,103,15,191
0021500626,99,114,15,213
0021500096,76,96,20,172
0021500989,81,124,43,205
0021500453,76,105,29,181
0021500301,91,111,20,202
0021500246,82,87,5,169
0021500867,117,107,10,224
0021500072,108,94,14,202
0021500603,105,92,13,197
0021500984,75,104,29,179
0021501210,101,92,9,193
0021500590,95,99,4,194
0021500511,100,122,22,222
0021501074,105,112,7,217
0021500541,83,77,6,160
0021500178,88,113,25,201
0021500360,100,88,12,188
0021500853,87,81,6,168
0021500364,81,118,37,199
0021500017,112,111,1,223
0021501083,89,111,22,200
0021500299,93,95,2,188
0021500448,102,88,14,190
0021500702,79,91,12,170
0021500913,102,84,18,186
0021500176,100,115,15,215
0021500971,112,128,16,240
0021500074,96,115,19,211
0021500401,97,107,10,204
0021501080,120,128,8,248
0021501219,103,117,14,220
0021500211,96,110,14,206
0021500489,96,109,13,205
0021500948,109,116,7,225
0021500069,108,112,4,220
0021500828,105,102,3,207
0021500665,104,115,11,219
0021500334,111,76,35,187
0021501222,105,115,10,220
0021500535,109,98,11,207
0021500551,105,120,15,225
0021500155,114,122,8,236
0021501176,105,97,8,202
0021500797,112,117,5,229
0021500366,101,105,4,206
0021500580,94,103,9,197
0021500055,98,92,6,190
0021500009,99,106,7,205
0021500106,114,118,4,232
0021501118,92,100,8,192
0021500632,111,118,7,229
0021500186,91,102,11,193
0021501193,112,114,2,226
0021501103,97,88,9,185
0021501072,94,96,2,190
0021500532,98,123,25,221
0021500860,96,78,18,174
0021501099,102,100,2,202
0021500399,101,109,8,210
0021500112,105,120,15,225
0021501215,98,102,4,200
0021500223,99,110,11,209
0021500720,101,82,19,183
0021500523,116,117,1,233
0021500343,106,96,10,202
0021500953,96,116,20,212
0021500899,93,116,23,209
0021500377,85,98,13,183
0021500965,102,98,4,200
0021500927,100,108,8,208
0021501149,101,86,15,187
0021500794,103,92,11,195
0021500663,97,108,11,205
0021501205,114,100,14,214
0021500847,91,111,20,202
0021500578,101,106,5,207
0021500818,119,113,6,232
0021501187,102,99,3,201
0021500220,102,93,9,195
0021500403,100,85,15,185
0021500044,93,117,24,210
0021500459,87,93,6,180
0021500898,119,99,20,218
0021500869,89,101,12,190
0021500975,109,125,16,234
0021500407,103,100,3,203
0021500881,116,130,14,246
0021501189,121,100,21,221
0021500426,101,104,3,205
0021500219,99,103,4,202
0021500770,101,96,5,197
0021500488,106,110,4,216
0021500326,104,107,3,211
0021500302,116,104,12,220
0021500465,95,101,6,196
0021500651,109,106,3,215
0021500732,104,97,7,201
0021500996,107,125,18,232
0021500139,99,108,9,207
0021501065,107,119,12,226
0021500138,96,101,5,197
0021500379,95,114,19,209
0021500424,84,91,7,175
0021500557,93,87,6,180
0021500629,96,87,9,183
0021500983,114,90,24,204
0021501137,106,99,7,205
0021500109,111,109,2,220
0021501160,124,102,22,226
0021600229,105,89,16,194
0021600011,103,97,6,200
0021600109,123,107,16,230
0021600724,101,117,16,218
0021600892,112,130,18,242
0021601152,115,139,24,254
0021600397,102,98,4,200
0021600255,112,103,9,215
0021600548,116,111,5,227
0021600605,105,108,3,213
0021601018,114,129,15,243
0021601118,110,98,12,208
0021600561,86,98,12,184
0021600218,84,107,23,191
0021600182,116,107,9,223
0021600638,113,110,3,223
0021600341,102,99,3,201
0021600021,110,113,3,223
0021600028,104,111,7,215
0021600154,93,90,3,183
0021600575,109,107,2,216
0021600101,110,119,9,229
0021600080,102,101,1,203
0021600812,102,133,31,235
0021600817,90,94,4,184
0021600855,100,116,16,216
0021600900,86,109,23,195
0021600355,105,133,28,238
0021601081,100,114,14,214
0021601126,100,111,11,211
0021600621,98,120,22,218
0021600410,105,95,10,200
0021600694,123,118,5,241
0021600746,94,102,8,196
0021600955,91,107,16,198
0021600529,112,123,11,235
0021600384,97,108,11,205
0021600401,107,99,8,206
0021600735,98,118,20,216
0021601225,111,105,6,216
0021600472,103,113,10,216
0021601191,90,82,8,172
0021600191,124,121,3,245
0021600059,123,116,7,239
0021600275,109,131,22,240
0021600701,103,119,16,222
0021600753,105,103,2,208
0021600317,91,102,11,193
0021600530,111,92,19,203
0021600377,89,95,6,184
0021601204,105,114,9,219
0021600371,113,109,4,222
0021600264,95,83,12,178
0021600844,101,137,36,238
0021600374,123,114,9,237
0021600049,96,108,12,204
0021600048,108,115,7,223
0021600559,125,124,1,249
0021600723,115,96,19,211
0021600885,114,98,16,212
0021601121,89,90,1,179
0021600009,98,102,4,200
0021601163,87,98,11,185
0021600481,98,102,4,200
0021600713,101,120,19,221
0021600568,110,96,14,206
0021601099,74,103,29,177
0021600020,82,108,26,190
0021600170,73,96,23,169
0021601086,100,112,12,212
0021600469,95,91,4,186
0021600177,101,113,12,214
0021600506,86,91,5,177
0021600824,89,102,13,191
0021600920,94,101,7,195
0021601210,96,125,29,221
0021600705,103,116,13,219
0021600333,86,88,2,174
0021600226,94,91,3,185
0021600671,122,124,2,246
0021600726,83,105,22,188
0021600097,85,97,12,182
0021600972,130,122,8,252
0021600657,118,115,3,233
0021600648,112,107,5,219
0021600764,106,109,3,215
0021600527,90,99,9,189
0021600532,106,94,12,200
0021600633,95,118,23,213
0021600044,95,106,11,201
0021600030,101,118,17,219
0021600285,114,118,4,232
0021600656,119,95,24,214
0021600911,99,110,11,209
0021600663,115,103,12,218
0021600517,111,118,7,229
0021600770,90,93,3,183
0021600140,93,100,7,193
0021600343,103,111,8,214
0021600165,127,121,6,248
0021600368,86,103,17,189
0021600637,95,99,4,194
0021600749,117,121,4,238
0021600884,95,102,7,197
0021601093,108,112,4,220
0021600135,119,105,14,224
0021601134,88,95,7,183
0021600840,95,91,4,186
0021601065,116,98,18,214
0021600725,106,108,2,214
0021600347,121,113,8,234
0021600039,103,112,9,215
0021600571,99,101,2,200
0021600799,108,99,9,207
0021600991,115,109,6,224
0021600570,92,101,9,193
0021600615,113,104,9,217
0021600499,94,110,16,204
0021600606,101,116,15,217
0021601104,115,114,1,229
0021600856,112,120,8,232
0021600552,109,123,14,232
0021600186,114,111,3,225
0021600936,106,98,8,204
0021601101,90,91,1,181
0021600742,108,116,8,224
0021600198,118,110,8,228
0021600982,100,98,2,198
0021600757,84,105,21,189
0021601192,106,103,3,209
0021600114,101,99,2,200
0021600447,96,123,27,219
0021600514,82,90,8,172
0021600065,94,102,8,196
0021600432,107,97,10,204
0021600655,97,109,12,206
0021600310,110,108,2,218
0021601012,107,101,6,208
0021600821,105,99,6,204
0021600448,109,115,6,224
0021601138,104,106,2,210
0021600755,91,105,14,196
0021600917,101,98,3,199
0021601132,89,117,28,206
0021600827,110,132,22,242
0021601216,104,129,25,233
0021600502,112,98,14,210
0021601098,95,109,14,204
0021600201,105,90,15,195
0021600193,94,104,10,198
0021600195,115,111,4,226
0021600214,92,87,5,179
0021600228,111,113,2,224
0021600804,122,106,16,228
0021600837,85,90,5,175
0021601020,74,116,42,190
0021601004,112,107,5,219
0021601014,83,91,8,174
0021600033,115,113,2,228
0021601164,87,106,19,193
0021601013,97,96,1,193
0021600216,96,85,11,181
0021600434,94,93,1,187
0021600074,99,88,11,187
0021600691,109,103,6,212
0021600871,117,99,18,216
0021601207,79,89,10,168
0021600427,74,104,30,178
0021600166,104,120,16,224
0021600788,91,110,19,201
0021600962,92,102,10,194
0021600594,108,116,8,224
0021600428,121,126,5,247
0021601087,106,120,14,226
0021601109,113,122,9,235
0021600857,92,102,10,194
0021601103,118,108,10,226
0021601117,118,121,3,239
0021600146,77,93,16,170
0021600133,95,106,11,201
0021601130,105,108,3,213
0021600545,100,93,7,193
0021600418,108,93,15,201
0021600543,127,99,28,226
0021600588,94,134,40,228
0021600335,106,99,7,205
0021600538,114,115,1,229
0021601151,103,109,6,212
0021600001,88,117,29,205
0021600117,112,106,6,218
0021600504,122,129,7,251
0021600969,99,105,6,204
0021600618,98,108,10,206
0021600891,125,107,18,232
0021600980,85,107,22,192
0021600067,102,99,3,201
0021600167,111,107,4,218
0021600280,111,110,1,221
0021600412,100,113,13,213
0021600951,101,108,7,209
0021600564,79,88,9,167
0021600491,101,89,12,190
0021600089,96,91,5,187
0021601096,97,81,16,178
0021600625,114,122,8,236
0021600251,130,114,16,244
0021600037,106,99,7,205
0021600581,95,103,8,198
0021600399,101,114,13,215
0021600776,87,110,23,197
0021600018,94,91,3,185
0021600913,135,130,5,265
0021600236,98,85,13,183
0021600649,95,108,13,203
0021601188,106,107,1,213
0021601100,92,91,1,183
0021601021,107,112,5,219
0021601179,114,100,14,214
0021600486,82,91,9,173
0021600116,95,116,21,211
0021601048,124,125,1,249
0021600403,111,109,2,220
0021600814,80,112,32,192
0021600222,96,117,21,213
0021600610,122,118,4,240
0021600978,95,102,7,197
0021600894,109,104,5,213
0021600572,106,114,8,220
0021600946,126,121,5,247
0021600759,111,104,7,215
0021601122,93,99,6,192
0021601106,91,95,4,186
0021600886,117,108,9,225
0021600975,92,112,20,204
0021601127,114,122,8,236
0021600168,110,105,5,215
0021600026,104,72,32,176
0021600042,102,105,3,207
0021600380,98,132,34,230
0021600155,115,108,7,223
0021601125,107,117,10,224
0021600738,88,104,16,192
0021600298,92,99,7,191
0021600876,105,98,7,203
0021600916,111,118,7,229
0021600895,101,90,11,191
0021600931,110,109,1,219
0021601000,122,104,18,226
0021601060,100,109,9,209
0021600996,108,114,6,222
0021601017,103,91,12,194
0021600445,117,112,5,229
0021601074,87,115,28,202
0021600850,112,103,9,215
0021600278,94,95,1,189
0021600986,112,120,8,232
0021600381,95,85,10,180
0021600443,90,109,19,199
0021600579,94,100,6,194
0021600123,113,111,2,224
0021600696,111,115,4,226
0021600747,106,97,9,203
0021600108,98,104,6,202
0021600440,109,102,7,211
0021600199,94,101,7,195
0021600322,117,87,30,204
0021600577,108,87,21,195
0021600651,112,113,1,225
0021600904,122,103,19,225
0021600921,92,120,28,212
0021601057,93,90,3,183
0021600882,92,91,1,183
0021600456,119,114,5,233
0021601016,121,110,11,231
0021600339,101,94,7,195
0021600526,120,113,7,233
0021600073,117,104,13,221
0021600959,99,86,13,185
0021600924,108,123,15,231
0021601102,100,108,8,208
0021600760,98,105,7,203
0021601180,94,96,2,190
0021600050,89,102,13,191
0021600273,106,98,8,204
0021600471,100,102,2,202
0021600717,105,101,4,206
0021600748,108,116,8,224
0021600789,127,94,33,221
0021601150,130,135,5,265
0021601162,107,121,14,228
0021600102,107,108,1,215
0021600366,120,121,1,241
0021600301,92,101,9,193
0021600379,85,93,8,178
0021600417,107,117,10,224
0021600438,95,106,11,201
0021600187,87,95,8,182
0021600205,99,93,6,192
0021601025,105,123,18,228
0021600103,121,124,3,245
0021600483,103,105,2,208
0021600553,108,117,9,225
0021600983,125,124,1,249
0021600057,101,109,8,210
0021600660,99,102,3,201
0021601120,112,82,30,194
0021601208,105,101,4,206
0021600175,81,104,23,185
0021600495,92,104,12,196
0021600425,102,100,2,202
0021600758,102,125,23,227
0021601200,135,128,7,263
0021600408,107,108,1,215
0021600402,108,119,11,227
0021601070,90,97,7,187
0021600897,95,100,5,195
0021600196,99,102,3,201
0021600488,118,124,6,242
0021600702,112,86,26,198
0021600087,114,109,5,223
0021600536,109,121,12,230
0021600813,130,114,16,244
0021601003,104,106,2,210
0021600509,107,98,9,205
0021600906,87,94,7,181
0021600977,116,104,12,220
0021600184,102,111,9,213
0021600549,100,127,27,227
0021600257,104,85,19,189
0021600305,116,112,4,228
0021600406,110,117,7,227
0021601080,119,130,11,249
0021600449,87,91,4,178
0021601008,97,83,14,180
0021601133,98,94,4,192
0021600353,101,130,29,231
0021600645,143,114,29,257
0021600868,109,110,1,219
0021600077,100,86,14,186
0021600332,85,92,7,177
0021600515,101,89,12,190
0021600093,109,84,25,193
0021600524,105,113,8,218
0021600217,111,92,19,203
0021600100,110,106,4,216
0021600032,79,98,19,177
0021600540,116,118,2,234
0021600805,107,112,5,219
0021601024,112,128,16,240
0021601209,98,99,1,197
0021600411,79,99,20,178
0021600098,82,114,32,196
0021600268,105,120,15,225
0021600687,113,103,10,216
0021600880,110,118,8,228
0021600498,98,105,7,203
0021600088,100,94,6,194
0021600457,108,109,1,217
0021601148,82,91,9,173
0021600665,109,99,10,208
0021600130,105,99,6,204
0021600247,122,105,17,227
0021600973,104,112,8,216
0021600016,102,94,8,196
0021601190,127,112,15,239
0021600963,108,114,6,222
0021600356,97,79,18,176
0021600470,106,102,4,208
0021600666,112,86,26,198
0021600497,99,116,17,215
0021600394,96,92,4,188
0021600446,119,113,6,232
0021600909,102,105,3,207
0021600861,93,110,17,203
0021601115,105,88,17,193
0021600136,102,91,11,193
0021600293,84,128,44,212
0021600519,98,109,11,207
0021600901,99,103,4,202
0021601147,105,113,8,218
0021601082,95,108,13,203
0021600587,89,104,15,193
0021600240,112,100,12,212
0021600801,103,92,11,195
0021600235,132,129,3,261
0021600937,119,111,8,230
0021600531,105,104,1,209
0021600223,106,149,43,255
0021600688,95,103,8,198
0021600252,94,109,15,203
0021600912,101,112,11,213
0021600965,81,121,40,202
0021600741,111,126,15,237
0021600512,123,114,9,237
0021600464,90,106,16,196
0021600283,92,97,5,189
0021600459,100,112,12,212
0021600404,114,127,13,241
0021600429,102,113,11,215
0021600331,110,124,14,234
0021600510,104,117,13,221
0021600319,105,91,14,196
0021600628,101,104,3,205
0021601189,121,114,7,235
0021600292,125,120,5,245
0021600551,106,98,8,204
0021600385,95,102,7,197
0021600668,102,105,3,207
0021600038,83,98,15,181
0021600838,129,125,4,254
0021600110,115,122,7,237
0021600899,110,98,12,208
0021601097,112,131,19,243
0021600213,119,114,5,233
0021601149,116,113,3,229
0021600420,104,116,12,220
0021600841,117,109,8,226
0021601077,117,107,10,224
0021600522,104,115,11,219
0021600624,99,98,1,197
0021600737,119,99,20,218
0021600860,109,95,14,204
0021600359,120,119,1,239
0021600905,109,100,9,209
0021600126,110,108,2,218
0021600714,107,94,13,201
0021600650,127,123,4,250
0021601094,94,106,12,200
0021600008,107,96,11,203
0021600720,105,111,6,216
0021600027,104,98,6,202
0021600562,107,101,6,208
0021600230,97,108,11,205
0021601129,116,117,1,233
0021600207,115,123,8,238
0021600311,106,107,1,213
0021601029,113,97,16,210
0021600908,109,114,5,223
0021600697,98,128,30,226
0021601090,109,94,15,203
0021600134,106,100,6,206
0021600730,98,88,10,186
0021600171,109,126,17,235
0021600473,106,94,12,200
0021600620,106,101,5,207
0021600898,98,125,27,223
0021601033,96,104,8,200
0021601043,125,120,5,245
0021601095,115,90,25,205
0021601167,103,100,3,203
0021600800,131,123,8,254
0021600602,99,107,8,206
0021600350,100,105,5,205
0021600511,95,89,6,184
0021600995,104,119,15,223
0021601169,114,91,23,205
0021600169,112,119,7,231
0021600815,112,104,8,216
0021600935,113,105,8,218
0021600005,121,130,9,251
0021600541,102,95,7,197
0021600211,109,111,2,220
0021600476,105,111,6,216
0021600938,95,109,14,204
0021600064,85,83,2,168
0021601171,120,111,9,231
0021601088,107,92,15,199
0021600357,96,99,3,195
0021600360,118,112,6,230
0021600864,109,129,20,238
0021601113,103,100,3,203
0021600934,112,98,14,210
0021600598,115,109,6,224
0021600961,114,98,16,212
0021600778,112,107,5,219
0021600677,100,92,8,192
0021600312,109,101,8,210
0021600503,116,96,20,212
0021600728,98,115,17,213
0021600915,97,112,15,209
0021600069,96,122,26,218
0021600773,96,113,17,209
0021601196,110,97,13,207
0021600139,122,104,18,226
0021600188,94,92,2,186
0021600777,74,89,15,163
0021600294,107,106,1,213
0021601026,109,103,6,212
0021600243,110,107,3,217
0021600318,91,96,5,187
0021600013,114,120,6,234
0021600289,105,107,2,212
0021600771,109,118,9,227
0021600295,100,103,3,203
0021600290,128,110,18,238
0021600797,105,112,7,217
0021600930,114,115,1,229
0021600382,89,109,20,198
0021601078,97,100,3,197
0021600141,119,117,2,236
0021600685,99,101,2,200
0021600974,100,112,12,212
0021601083,127,115,12,242
0021600967,85,99,14,184
0021600014,99,114,15,213
0021600081,86,88,2,174
0021600944,83,88,5,171
0021600878,106,112,6,218
0021600547,116,108,8,224
0021600437,117,101,16,218
0021600941,88,100,12,188
0021600869,95,113,18,208
0021600334,99,88,11,187
0021600622,119,109,10,228
0021600314,106,142,36,248
0021601146,117,110,7,227
0021600389,108,122,14,230
0021600157,118,125,7,243
0021600867,86,105,19,191
0021601089,98,97,1,195
0021601168,104,110,6,214
0021600041,92,93,1,185
0021600321,77,87,10,164
0021600104,109,97,12,206
0021600395,100,122,22,222
0021600595,110,105,5,215
0021600673,97,95,2,192
0021600943,96,108,12,204
0021601046,100,107,7,207
0021600105,94,102,8,196
0021601124,124,118,6,242
0021600939,122,109,13,231
0021600834,107,79,28,186
0021600580,97,98,1,195
0021600450,109,105,4,214
0021600654,107,105,2,212
0021600330,115,98,17,213
0021600795,112,111,1,223
0021600818,102,101,1,203
0021600534,117,125,8,242
0021600858,97,107,10,204
0021600925,90,97,7,187
0021601219,94,112,18,206
0021600156,113,88,25,201
0021600369,131,120,11,251
0021600893,106,109,3,215
0021601182,114,109,5,223
0021600237,104,119,15,223
0021600145,69,88,19,157
0021600400,105,90,15,195
0021600405,90,135,45,225
0021600611,108,104,4,212
0021601038,95,112,17,207
0021601128,105,122,17,227
0021600478,98,102,4,200
0021600122,105,94,11,199
0021601010,100,139,39,239
0021601032,86,95,9,181
0021600453,116,123,7,239
0021601183,102,89,13,191
0021601135,100,95,5,195
0021600019,94,103,9,197
0021600003,129,100,29,229
0021600612,102,97,5,199
0021600629,85,107,22,192
0021600092,108,119,11,227
0021600851,108,114,6,222
0021600256,112,104,8,216
0021600872,130,142,12,272
0021600928,112,105,7,217
0021600703,109,112,3,221
0021600124,87,74,13,161
0021601006,104,117,13,221
0021600363,101,112,11,213
0021601226,86,104,18,190
0021601066,101,108,7,209
0021600115,80,111,31,191
0021601176,106,103,3,209
0021601054,82,95,13,177
0021600653,93,110,17,203
0021600315,124,116,8,240
0021600413,105,107,2,212
0021600451,109,108,1,217
0021600832,116,108,8,224
0021601153,123,116,7,239
0021600287,114,96,18,210
0021600320,105,112,7,217
0021600929,106,109,3,215
0021600646,125,108,17,233
0021600484,89,102,13,191
0021600023,106,98,8,204
0021600203,99,96,3,195
0021601201,103,90,13,193
0021600151,102,96,6,198
0021600086,116,92,24,208
0021600162,102,105,3,207
0021600062,81,97,16,178
0021600465,85,90,5,175
0021600046,103,101,2,204
0021600933,105,97,8,202
0021600968,102,103,1,205
0021601227,97,101,4,198
0021600348,111,118,7,229
0021600474,123,107,16,230
0021600364,118,122,4,240
0021600147,88,104,16,192
0021600271,106,104,2,210
0021600414,82,113,31,195
0021600061,100,107,7,207
0021600709,123,112,11,235
0021601165,112,99,13,211
0021600664,108,111,3,219
0021600779,107,111,4,218
0021600454,110,90,20,200
0021601137,104,115,11,219
0021600879,104,98,6,202
0021600415,110,108,2,218
0021600604,107,114,7,221
0021600556,94,92,2,186
0021600215,125,137,12,262
0021600811,109,125,16,234
0021601156,102,122,20,224
0021600992,78,100,22,178
0021600609,137,112,25,249
0021600914,100,104,4,204
0021600956,98,115,17,213
0021600178,105,124,19,229
0021600918,115,95,20,210
0021600981,107,90,17,197
0021600704,109,106,3,215
0021600829,110,108,2,218
0021600071,87,96,9,183
0021600210,107,110,3,217
0021600792,92,123,31,215
0021600550,128,119,9,247
0021600862,84,97,13,181
0021600699,107,110,3,217
0021600820,98,120,22,218
0021601174,107,115,8,222
0021600752,117,121,4,238
0021600121,105,109,4,214
0021600767,99,105,6,204
0021600881,121,124,3,245
0021600047,120,128,8,248
0021600676,108,123,15,231
0021600617,112,125,13,237
0021600775,115,113,2,228
0021600670,114,127,13,241
0021600845,105,116,11,221
0021600173,85,77,8,162
0021600745,133,120,13,253
0021601052,96,98,2,194
0021600513,94,98,4,192
0021600475,102,100,2,202
0021601222,73,112,39,185
0021600994,99,107,8,206
0021600248,104,96,8,200
0021600419,113,117,4,230
0021601140,123,117,6,240
0021600751,107,113,6,220
0021600351,89,110,21,199
0021600342,117,90,27,207
0021600084,97,112,15,209
0021600242,88,106,18,194
0021600349,105,116,11,221
0021600164,103,105,2,208
0021600172,86,110,24,196
0021600807,97,115,18,212
0021600843,88,111,23,199
0021600365,92,112,20,204
0021601068,101,84,17,185
0021600641,92,93,1,185
0021600976,125,122,3,247
0021600997,115,120,5,235
0021600378,97,107,10,204
0021600494,114,117,3,231
0021600790,109,112,3,221
0021600127,86,96,10,182
0021600325,107,115,8,222
0021601063,100,104,4,204
0021600190,71,93,22,164
0021600803,122,107,15,229
0021600176,116,96,20,212
0021600416,108,115,7,223
0021600808,107,102,5,209
0021600274,107,109,2,216
0021600259,100,105,5,205
0021601042,102,118,16,220
0021600249,70,91,21,161
0021600964,122,110,12,232
0021600722,97,104,7,201
0021600407,82,73,9,155
0021601058,133,109,24,242
0021600533,106,115,9,221
0021600740,128,100,28,228
0021600025,122,114,8,236
0021600848,111,98,13,209
0021600700,100,88,12,188
0021601154,141,118,23,259
0021601205,121,124,3,245
0021600600,77,110,33,187
0021601002,77,100,23,177
0021600786,102,121,19,223
0021600957,104,114,10,218
0021601173,102,90,12,192
0021601039,109,123,14,232
0021600954,115,108,7,223
0021600719,96,104,8,200
0021600253,95,101,6,196
0021600090,75,86,11,161
0021600596,86,96,10,182
0021600091,123,107,16,230
0021600095,100,122,22,222
0021600926,116,130,14,246
0021600563,129,122,7,251
0021600398,100,103,3,203
0021600809,116,100,16,216
0021600680,116,112,4,228
0021600692,120,127,7,247
0021601116,97,110,13,207
0021600291,103,112,9,215
0021600578,95,107,12,202
0021600716,108,121,13,229
0021600889,108,112,4,220
0021600132,96,117,21,213
0021600923,112,102,10,214
0021600999,96,128,32,224
0021600029,99,105,6,204
0021601035,92,117,25,209
0021601166,105,102,3,207
0021600458,100,119,19,219
0021600507,88,114,26,202
0021600492,101,111,10,212
0021600686,114,105,9,219
0021600337,88,109,21,197
0021600883,119,108,11,227
0021600496,116,140,24,256
0021600793,92,108,16,200
0021601155,111,118,7,229
0021601091,125,137,12,262
0021601159,79,110,31,189
0021600482,98,119,21,217
0021600989,112,117,5,229
0021600106,96,110,14,206
0021600729,116,120,4,236
0021600922,101,91,10,192
0021601203,120,111,9,231
0021600194,129,109,20,238
0021600599,120,108,12,228
0021600636,103,118,15,221
0021600031,108,110,2,218
0021600945,102,116,14,218
0021600056,93,109,16,202
0021600554,118,123,5,241
0021600888,102,88,14,190
0021600988,110,101,9,211
0021600710,109,129,20,238
0021601143,103,108,5,211
0021600340,114,110,4,224
0021600426,102,119,17,221
0021600794,107,95,12,202
0021600607,98,111,13,209
0021601015,123,102,21,225
0021600231,68,95,27,163
0021600744,86,102,16,188
0021601085,98,106,8,204
0021600284,80,113,33,193
0021600224,101,116,15,217
0021601211,105,99,6,204
0021600592,113,132,19,245
0021601107,97,96,1,193
0021601202,109,110,1,219
0021600455,90,88,2,178
0021600159,82,89,7,171
0021600866,99,85,14,184
0021600544,105,112,7,217
0021600896,105,96,9,201
0021600987,98,102,4,200
0021601206,75,122,47,197
0021600354,84,104,20,188
0021600068,122,128,6,250
0021600460,102,111,9,213
0021600479,119,94,25,213
0021600608,87,98,11,185
0021600998,101,129,28,230
0021601123,104,119,15,223
0021601218,98,83,15,181
0021600557,97,82,15,179
0021601034,109,105,4,214
0021600096,80,112,32,192
0021600485,111,121,10,232
0021600627,89,94,5,183
0021600296,82,107,25,189
0021600200,101,106,5,207
0021600632,92,111,19,203
0021600045,98,116,18,214
0021601092,94,107,13,201
0021600659,100,109,9,209
0021600306,118,113,5,231
0021600324,95,103,8,198
0021600847,86,109,23,195
0021600075,112,111,1,223
0021600244,102,115,13,217
0021601187,94,98,4,192
0021600083,94,111,17,205
0021600743,113,108,5,221
0021601186,99,120,21,219
0021601142,113,101,12,214
0021600711,139,142,3,281
0021600966,115,94,21,209
0021600263,88,105,17,193
0021600678,93,103,10,196
0021600208,103,107,4,210
0021601001,81,87,6,168
0021600783,132,117,15,249
0021600718,113,111,2,224
0021600690,98,109,11,207
0021600441,101,106,5,207
0021600539,99,94,5,193
0021600658,98,123,25,221
0021600272,94,87,7,181
0021600763,107,99,8,206
0021600831,94,105,11,199
0021600870,83,96,13,179
0021600477,120,101,19,221
0021600221,83,108,25,191
0021600947,111,122,11,233
0021600576,92,100,8,192
0021600383,101,108,7,209
0021600501,99,108,9,207
0021600566,117,106,11,223
0021600189,105,120,15,225
0021600642,78,113,35,191
0021600750,102,114,12,216
0021601114,110,106,4,216
0021600245,112,108,4,220
0021601105,106,101,5,207
0021600698,86,102,16,188
0021600246,120,114,6,234
0021600706,112,108,4,220
0021600392,125,121,4,246
0021601073,112,105,7,217
0021600825,110,106,4,216
0021601031,78,108,30,186
0021601110,119,108,11,227
0021600002,104,113,9,217
0021600839,91,98,7,189
0021600816,89,117,28,206
0021600672,109,103,6,212
0021600007,91,109,18,200
0021600393,95,69,26,164
0021600063,115,118,3,233
0021600993,93,113,20,206
0021600112,112,102,10,214
0021600254,95,122,27,217
0021600781,114,113,1,227
0021600810,109,117,8,226
0021600774,106,111,5,217
0021600490,91,99,8,190
0021600525,82,110,28,192
0021600985,80,100,20,180
0021600910,114,106,8,220
0021600761,137,112,25,249
0021600949,91,98,7,189
0021600345,103,100,3,203
0021600125,87,115,28,202
0021600052,80,116,36,196
0021600179,104,88,16,192
0021600489,83,100,17,183
0021600852,129,99,30,228
0021600277,111,93,18,204
0021600903,107,80,27,187
0021600435,125,111,14,236
0021600927,97,96,1,193
0021600043,118,88,30,206
0021600970,99,119,20,218
0021600644,91,107,16,198
0021600158,102,109,7,211
0021600436,96,95,1,191
0021600053,106,91,15,197
0021600569,109,94,15,203
0021600734,93,116,23,209
0021600555,106,121,15,227
0021601144,109,105,4,214
0021600480,99,101,2,200
0021600267,121,114,7,235
0021600174,96,100,4,196
0021600907,103,120,17,223
0021600919,136,106,30,242
0021601019,92,122,30,214
0021601064,113,126,13,239
0021600442,91,103,12,194
0021600138,106,95,11,201
0021601172,101,112,11,213
0021600338,84,114,30,198
0021601195,101,123,22,224
0021600180,80,64,16,144
0021600542,109,118,9,227
0021600567,95,111,16,206
0021600733,95,90,5,185
0021600782,111,103,8,214
0021601056,100,93,7,193
0021601141,117,130,13,247
0021601050,105,114,9,219
0021601049,111,95,16,206
0021600597,103,101,2,204
0021600461,102,107,5,209
0021600769,140,135,5,275
0021600423,114,108,6,222
0021600015,99,105,6,204
0021600060,83,89,6,172
0021600206,91,96,5,187
0021600689,98,105,7,203
0021600131,107,118,11,225
0021600695,116,124,8,240
0021600054,127,104,23,231
0021601005,77,98,21,175
0021601145,110,94,16,204
0021601047,102,110,8,212
0021600085,91,117,26,208
0021600791,119,115,4,234
0021600192,95,102,7,197
0021600111,107,115,8,222
0021600558,85,102,17,187
0021600370,99,94,5,193
0021600452,104,98,6,202
0021600493,95,118,23,213
0021600516,115,103,12,218
0021600798,120,111,9,231
0021600846,84,99,15,183
0021600762,97,121,24,218
0021600128,120,122,2,242
0021600639,104,118,14,222
0021600150,90,94,4,184
0021600613,108,107,1,215
0021600873,95,112,17,207
0021600614,101,120,19,221
0021600616,95,98,3,193
0021601023,87,75,12,162
0021600487,80,114,34,194
0021601193,98,87,11,185
0021600281,132,127,5,259
0021600828,88,72,16,160
0021600270,115,126,11,241
0021600276,87,97,10,184
0021600388,90,103,13,193
0021600326,95,134,39,229
0021601079,107,117,10,224
0021600232,105,99,6,204
0021600574,114,121,7,235
0021600227,90,128,38,218
0021601217,109,113,4,222
0021600163,100,107,7,207
0021600183,121,115,6,236
0021600346,105,110,5,215
0021600036,106,100,6,206
0021600409,109,79,30,188
0021600634,100,121,21,221
0021600662,73,122,49,195
0021600731,97,125,28,222
0021600756,86,113,27,199
0021600212,104,99,5,203
0021600302,98,106,8,204
0021600784,114,110,4,224
0021600990,118,116,2,234
0021600266,119,122,3,241
0021601076,120,130,10,250
0021600034,103,106,3,209
0021601045,109,112,3,221
0021600619,91,126,35,217
0021600647,93,102,9,195
0021600142,99,125,26,224
0021600300,98,92,6,190
0021600684,114,109,5,223
0021601036,111,104,7,215
0021601084,94,86,8,180
0021601221,102,110,8,212
0021600024,89,96,7,185
0021600591,113,108,5,221
0021600386,120,132,12,252
0021600120,101,91,10,192
0021600819,99,105,6,204
0021600209,112,94,18,206
0021601075,125,117,8,242
0021601185,113,120,7,233
0021601197,125,126,1,251
0021600197,91,105,14,196
0021600422,136,130,6,266
0021600225,109,103,6,212
0021600367,92,116,24,208
0021600565,120,116,4,236
0021601040,91,116,25,207
0021600238,109,85,24,194
0021600233,90,81,9,171
0021600589,112,140,28,252
0021600768,121,107,14,228
0021600854,113,123,10,236
0021600932,89,104,15,193
0021600675,110,121,11,231
0021600601,97,113,16,210
0021600148,105,106,1,211
0021600220,124,104,20,228
0021600055,113,103,10,216
0021601213,100,98,2,198
0021600152,95,127,32,222
0021601131,90,99,9,189
0021600262,101,118,17,219
0021600265,101,120,19,221
0021600979,89,104,15,193
0021600630,117,106,11,223
0021600521,91,93,2,184
0021600523,121,116,5,237
0021600051,117,113,4,230
0021600391,88,96,8,184
0021600669,109,104,5,213
0021600583,108,117,9,225
0021601229,94,109,15,203
0021600971,96,105,9,201
0021601228,95,115,20,210
0021600327,126,94,32,220
0021600546,106,110,4,216
0021600953,94,87,7,181
0021600336,91,95,4,186
0021600375,106,109,3,215
0021600528,102,116,14,218
0021600826,111,98,13,209
0021600859,121,128,7,249
0021600282,105,88,17,193
0021600431,98,86,12,184
0021600715,114,113,1,227
0021600890,113,120,7,233
0021601119,124,133,9,257
0021601212,76,103,27,179
0021600444,99,119,20,218
0021601178,98,105,7,203
0021600288,121,85,36,206
0021600144,105,112,7,217
0021600361,94,110,16,204
0021600309,97,96,1,193
0021600466,104,111,7,215
0021601009,98,91,7,189
0021600239,117,104,13,221
0021601220,113,114,1,227
0021600603,93,109,16,202
0021600433,121,110,11,231
0021600942,110,112,2,222
0021600316,114,103,11,217
0021600040,96,113,17,209
0021600286,105,111,6,216
0021600590,107,127,20,234
0021601157,90,108,18,198
0021600421,111,118,7,229
0021600643,96,112,16,208
0021600683,119,114,5,233
0021600328,120,89,31,209
0021600241,102,107,5,209
0021600712,91,107,16,198
0021600304,106,98,8,204
0021601007,112,120,8,232
0021600806,107,108,1,215
0021600204,89,93,4,182
0021600376,113,108,5,221
0021600234,97,118,21,215
0021600129,126,99,27,225
0021600835,104,113,9,217
0021601059,109,102,7,211
0021600261,122,127,5,249
0021600329,109,94,15,203
0021600875,96,100,4,196
0021600887,89,96,7,185
0021600984,105,92,13,197
0021600307,102,99,3,201
0021600518,91,101,10,192
0021601198,106,105,1,211
0021601112,114,106,8,220
0021600958,123,113,10,236
0021601215,96,108,12,204
0021600070,92,95,3,187
0021600022,97,91,6,188
0021601041,115,104,11,219
0021601158,134,131,3,265
0021600586,104,95,9,199
0021600202,120,83,37,203
0021600682,109,106,3,215
0021600500,124,122,2,246
0021600161,83,90,7,173
0021600865,105,97,8,202
0021600593,93,102,9,195
0021600721,109,113,4,222
0021600219,115,102,13,217
0021600573,117,97,20,214
0021600652,105,112,7,217
0021600505,121,109,12,230
0021600693,88,96,8,184
0021600623,103,109,6,212
0021601067,98,126,28,224
0021600344,119,115,4,234
0021600372,111,113,2,224
0021601071,95,110,15,205
0021600358,116,108,8,224
0021601184,106,122,16,228
0021600739,124,114,10,238
0021600863,108,90,18,198
0021600143,120,133,13,253
0021600681,109,120,11,229
0021600796,109,118,9,227
0021601160,91,100,9,191
0021600754,108,104,4,212
0021600107,93,118,25,211
0021600362,100,122,22,222
0021600076,105,95,10,200
0021600787,106,88,18,194
0021600424,112,109,3,221
0021600390,111,118,7,229
0021600535,107,102,5,209
0021601061,95,117,22,212
0021600149,88,115,27,203
0021601223,100,93,7,193
0021600667,115,105,10,220
0021600877,102,92,10,194
0021600463,118,120,2,238
0021600631,98,118,20,216
0021600006,117,122,5,239
0021600468,90,104,14,194
0021600732,104,109,5,213
0021600902,99,100,1,199
0021600439,107,115,8,222
0021600960,101,106,5,207
0021600181,113,111,2,224
0021600078,97,117,20,214
0021600352,87,109,22,196
0021600373,95,114,19,209
0021600099,106,116,10,222
0021600537,93,101,8,194
0021600679,112,111,1,223
0021601072,108,129,21,237
0021601108,113,106,7,219
0021601194,86,101,15,187
0021601044,90,105,15,195
0021601139,111,121,10,232
0021601181,88,101,13,189
0021600094,114,106,8,220
0021600874,119,98,21,217
0021601069,95,97,2,192
0021601027,107,103,4,210
0021600708,102,95,7,197
0021600822,112,103,9,215
0021600017,114,106,8,220
0021601136,98,107,9,205
0021601111,99,92,7,191
0021600560,105,95,10,200
0021601224,118,123,5,241
0021600279,113,94,19,207
0021600830,109,104,5,213
0021600785,106,117,11,223
0021600772,120,95,25,215
0021600833,97,96,1,193
0021600520,119,127,8,246
0021600387,107,92,15,199
0021600950,105,110,5,215
0021600853,104,119,15,223
0021600250,81,91,10,172
0021600113,100,107,7,207
0021601055,112,87,25,199
0021600153,117,121,4,238
0021600185,116,121,5,237
0021600802,122,114,8,236
0021600058,118,99,19,217
0021601051,120,122,2,242
0021600160,93,103,10,196
0021600012,113,94,19,207
0021600842,112,99,13,211
0021600119,125,101,24,226
0021600308,112,110,2,222
0021600661,118,98,20,216
0021600635,106,100,6,206
0021601175,89,104,15,193
0021601214,109,91,18,200
0021600396,100,89,11,189
0021601028,94,110,16,204
0021600727,94,108,14,202
0021600260,112,89,23,201
0021600674,108,106,2,214
0021600707,98,144,46,242
0021600004,108,96,12,204
0021600035,75,88,13,163
0021600585,86,102,16,188
0021601230,103,100,3,203
0021600736,95,113,18,208
0021601062,97,122,25,219
0021600303,111,102,9,213
0021600313,107,101,6,208
0021600780,104,128,24,232
0021601053,97,112,15,209
0021600940,109,110,1,219
0021601022,98,95,3,193
0021600467,115,131,16,246
0021601161,89,95,6,184
0021601199,111,124,13,235
0021600010,107,102,5,209
0021600948,131,127,4,258
0021601011,110,106,4,216
0021600849,103,104,1,207
0021601177,116,123,7,239
0021601170,102,95,7,197
0021600269,96,90,6,186
0021600118,98,95,3,193
0021600258,112,103,9,215
0021600072,99,95,4,194
0021600079,92,112,20,204
0021600582,105,119,14,224
0021600823,116,107,9,223
0021600766,102,107,5,209
0021600626,127,121,6,248
0021600082,86,103,17,189
0021600323,111,116,5,227
0021600836,108,116,8,224
0021601030,93,98,5,191
0021600508,112,114,2,226
0021600765,103,95,8,198
0021600584,96,105,9,201
0021600297,98,105,7,203
0021600640,104,101,3,205
0021600462,102,112,10,214
0021600066,107,125,18,232
0021600299,109,138,29,247
0021600952,93,104,11,197
0021600137,96,106,10,202
0021601037,99,105,6,204
0021600430,92,84,8,176
0021700627,107,101,6,208
0021700261,118,124,6,242
0021700597,114,124,10,238
0021700885,89,115,26,204
0021700897,123,104,19,227
0021700609,102,105,3,207
0021700884,105,116,11,221
0021701072,79,140,61,219
0021700490,115,106,9,221
0021700441,91,109,18,200
0021700362,113,107,6,220
0021700643,88,95,7,183
0021700690,101,105,4,206
0021700886,121,112,9,233
0021700728,105,109,4,214
0021700093,125,122,3,247
0021700598,107,108,1,215
0021701026,113,120,7,233
0021701148,108,96,12,204
0021700432,85,90,5,175
0021700129,101,94,7,195
0021700132,99,108,9,207
0021700815,103,121,18,224
0021700522,98,111,13,209
0021701049,122,109,13,231
0021700028,114,93,21,207
0021700226,114,146,32,260
0021700257,98,104,6,202
0021700584,98,116,18,214
0021700620,119,125,6,244
0021700488,103,89,14,192
0021700158,86,94,8,180
0021700192,92,110,18,202
0021700639,111,117,6,228
0021701060,109,123,14,232
0021700712,118,130,12,248
0021700066,91,96,5,187
0021700188,94,95,1,189
0021700762,119,122,3,241
0021700088,113,120,7,233
0021700409,100,103,3,203
0021700058,107,112,5,219
0021700705,108,93,15,201
0021700822,113,114,1,227
0021700980,95,78,17,173
0021701030,116,120,4,236
0021700856,108,103,5,211
0021700359,100,104,4,204
0021700334,105,100,5,205
0021700579,87,85,2,172
0021700645,114,123,9,237
0021700001,99,102,3,201
0021701004,99,115,16,214
0021700038,104,116,12,220
0021700316,103,91,12,194
0021700444,115,117,2,232
0021700510,125,128,3,253
0021700521,103,121,18,224
0021700143,94,112,18,206
0021700040,119,112,7,231
0021700156,104,97,7,201
0021700298,97,108,11,205
0021700909,101,102,1,203
0021700128,109,100,9,209
0021701137,96,105,9,201
0021700307,113,126,13,239
0021700389,124,131,7,255
0021700640,104,95,9,199
0021700969,114,101,13,215
0021700821,85,91,6,176
0021700048,115,117,2,232
0021701085,120,124,4,244
0021700288,108,119,11,227
0021701003,101,106,5,207
0021700211,125,116,9,241
0021700824,94,106,12,200
0021700344,113,91,22,204
0021701021,129,117,12,246
0021700748,107,114,7,221
0021700771,90,92,2,182
0021700672,117,115,2,232
0021700291,113,91,22,204
0021700791,111,102,9,213
0021700073,86,107,21,193
0021700097,115,99,16,214
0021700154,107,120,13,227
0021700268,104,116,12,220
0021700364,109,99,10,208
0021700973,99,108,9,207
0021700252,94,103,9,197
0021700573,89,103,14,192
0021700623,108,118,10,226
0021700941,100,108,8,208
0021700310,109,104,5,213
0021701161,104,120,16,224
0021700923,108,97,11,205
0021700164,95,111,16,206
0021700693,75,98,23,173
0021701175,106,126,20,232
0021700898,98,109,11,207
0021700016,108,92,16,200
0021700465,95,108,13,203
0021700053,93,103,10,196
0021700684,107,127,20,234
0021700889,106,104,2,210
0021700601,99,114,15,213
0021700622,108,94,14,202
0021700247,99,88,11,187
0021701061,105,115,10,220
0021700140,110,137,27,247
0021700700,107,108,1,215
0021700229,125,85,40,210
0021700813,110,104,6,214
0021700808,92,88,4,180
0021700550,100,91,9,191
0021700664,103,104,1,207
0021700263,91,108,17,199
0021701184,103,97,6,200
0021700638,118,107,11,225
0021700974,117,109,8,226
0021700547,124,120,4,244
0021700345,92,95,3,187
0021700989,80,114,34,194
0021700532,105,103,2,208
0021700596,107,100,7,207
0021700418,104,98,6,202
0021701067,111,105,6,216
0021701022,118,110,8,228
0021700138,104,88,16,192
0021700951,89,92,3,181
0021701115,98,105,7,203
0021700124,107,120,13,227
0021700231,124,116,8,240
0021700605,107,104,3,211
0021700816,81,106,25,187
0021700904,103,109,6,212
0021700537,110,114,4,224
0021700374,102,105,3,207
0021700489,96,81,15,177
0021700750,104,106,2,210
0021700467,114,109,5,223
0021700967,110,119,9,229
0021700189,103,112,9,215
0021700228,87,102,15,189
0021701224,119,87,32,206
0021700666,86,100,14,186
0021700450,116,114,2,230
0021701205,105,114,9,219
0021700576,89,110,21,199
0021700948,120,123,3,243
0021700245,85,107,22,192
0021700233,79,111,32,190
0021700248,107,114,7,221
0021700915,102,107,5,209
0021700328,114,102,12,216
0021701110,79,98,19,177
0021700453,116,119,3,235
0021700946,126,109,17,235
0021700149,119,124,5,243
0021700361,105,117,12,222
0021700995,116,99,17,215
0021700301,77,106,29,183
0021700756,108,116,8,224
0021700763,89,108,19,197
0021700852,109,117,8,226
0021700863,97,107,10,204
0021700960,122,112,10,234
0021700641,99,102,3,201
0021700166,113,117,4,230
0021701217,79,119,40,198
0021700152,113,118,5,231
0021700171,105,87,18,192
0021700406,87,93,6,180
0021700825,118,100,18,218
0021700243,105,97,8,202
0021700548,96,114,18,210
0021700844,101,105,4,206
0021700520,110,114,4,224
0021700862,117,139,22,256
0021701046,132,125,7,257
0021701104,106,112,6,218
0021701220,110,98,12,208
0021700003,90,102,12,192
0021701029,92,83,9,175
0021700286,97,95,2,192
0021700945,98,95,3,193
0021700304,108,121,13,229
0021700322,107,106,1,213
0021700920,121,116,5,237
0021701047,89,108,19,197
0021700485,92,117,25,209
0021700075,117,120,3,237
0021700503,83,107,24,190
0021700595,109,112,3,221
0021700695,126,118,8,244
0021700144,99,103,4,202
0021700847,112,115,3,227
0021700194,103,110,7,213
0021700080,89,103,14,192
0021700883,102,124,22,226
0021700607,122,119,3,241
0021700659,106,101,5,207
0021700049,112,119,7,231
0021700669,122,112,10,234
0021701074,96,100,4,196
0021700671,108,100,8,208
0021700642,119,104,15,223
0021700887,80,112,32,192
0021700983,116,125,9,241
0021700830,123,130,7,253
0021701143,119,102,17,221
0021700186,110,118,8,228
0021700117,112,92,20,204
0021700726,129,104,25,233
0021700256,116,103,13,219
0021700509,87,92,5,179
0021700391,85,108,23,193
0021700734,104,121,17,225
0021701082,112,116,4,228
0021700719,91,116,25,207
0021700992,132,106,26,238
0021701219,97,110,13,207
0021700373,116,109,7,225
0021701136,124,122,2,246
0021701093,102,98,4,200
0021700784,96,97,1,193
0021700023,97,100,3,197
0021700768,102,99,3,201
0021700957,128,114,14,242
0021701149,87,98,11,185
0021700173,94,87,7,181
0021700372,102,109,7,211
0021700991,105,113,8,218
0021700253,124,129,5,253
0021701154,98,113,15,211
0021700892,98,114,16,212
0021700880,119,122,3,241
0021700468,93,102,9,195
0021701156,106,112,6,218
0021701226,98,122,24,220
0021700055,93,110,17,203
0021701169,115,108,7,223
0021700704,101,115,14,216
0021700919,111,110,1,221
0021701050,117,124,7,241
0021700137,104,101,3,205
0021700353,95,101,6,196
0021700225,82,86,4,168
0021700776,107,111,4,218
0021700559,88,102,14,190
0021700778,115,98,17,213
0021700910,107,104,3,211
0021700912,122,120,2,242
0021700159,97,114,17,211
0021701017,125,124,1,249
0021700237,91,100,9,191
0021700044,94,103,9,197
0021701165,104,107,3,211
0021701192,115,102,13,217
0021700120,105,83,22,188
0021700493,105,98,7,203
0021700731,110,96,14,206
0021701229,93,102,9,195
0021700850,120,112,8,232
0021700287,100,93,7,193
0021700494,92,99,7,191
0021700099,99,85,14,184
0021700198,82,99,17,181
0021700273,99,98,1,197
0021700793,133,109,24,242
0021700012,124,76,48,200
0021700369,102,106,4,208
0021700529,121,106,15,227
0021700558,104,111,7,215
0021700459,122,116,6,238
0021700616,121,115,6,236
0021700939,120,123,3,243
0021701092,100,93,7,193
0021700633,80,112,32,192
0021700871,110,107,3,217
0021700745,95,111,16,206
0021700925,99,108,9,207
0021700929,102,95,7,197
0021700546,127,131,4,258
0021700085,117,106,11,223
0021700679,108,116,8,224
0021700814,103,109,6,212
0021700208,116,113,3,229
0021700036,87,96,9,183
0021700381,100,117,17,217
0021701062,99,94,5,193
0021700014,100,117,17,217
0021701054,141,149,8,290
0021700591,96,109,13,205
0021700810,129,81,48,210
0021700330,103,108,5,211
0021700297,115,120,5,235
0021700146,110,107,3,217
0021700215,88,92,4,180
0021701000,113,127,14,240
0021700515,109,99,10,208
0021700870,116,115,1,231
0021700841,118,103,15,221
0021700115,103,112,9,215
0021700142,101,108,7,209
0021700278,111,130,19,241
0021700577,108,94,14,202
0021700972,125,111,14,236
0021700978,87,112,25,199
0021701129,90,82,8,172
0021700560,124,115,9,239
0021700888,104,122,18,226
0021701146,111,104,7,215
0021700801,103,89,14,192
0021700172,111,120,9,231
0021700482,119,123,4,242
0021700861,121,114,7,235
0021700007,108,100,8,208
0021700962,87,111,24,198
0021701230,83,96,13,179
0021701042,101,117,16,218
0021700869,110,103,7,213
0021700788,108,104,4,212
0021700551,103,104,1,207
0021700313,121,114,7,235
0021700400,98,103,5,201
0021700827,111,104,7,215
0021700443,104,110,6,214
0021700331,104,109,5,213
0021701196,105,116,11,221
0021700284,95,110,15,205
0021700321,100,105,5,205
0021700412,96,108,12,204
0021700461,93,110,17,203
0021700857,118,113,5,231
0021700987,115,122,7,237
0021700727,91,95,4,186
0021701127,106,103,3,209
0021700848,92,97,5,189
0021701040,94,101,7,195
0021700452,106,116,10,222
0021700644,111,119,8,230
0021701130,101,91,10,192
0021701108,106,116,10,222
0021700913,87,110,23,197
0021700819,123,107,16,230
0021700476,104,109,5,213
0021700840,115,96,19,211
0021700068,104,103,1,207
0021700302,112,87,25,199
0021700320,91,109,18,200
0021700823,104,130,26,234
0021700895,94,109,15,203
0021700218,91,88,3,179
0021700934,108,116,8,224
0021700240,109,127,18,236
0021700027,94,128,34,222
0021701214,121,113,8,234
0021700190,118,95,23,213
0021700858,129,119,10,248
0021701094,121,114,7,235
0021700026,132,130,2,262
0021700135,127,108,19,235
0021700162,126,115,11,241
0021700283,81,97,16,178
0021700366,112,101,11,213
0021700420,95,88,7,183
0021700440,106,99,7,205
0021701068,98,119,21,217
0021701087,94,106,12,200
0021701188,94,93,1,187
0021700006,115,120,5,235
0021700635,123,118,5,241
0021700405,106,95,11,201
0021700630,113,119,6,232
0021700701,101,96,5,197
0021700811,98,100,2,198
0021700947,110,118,8,228
0021701081,108,104,4,212
0021701145,83,100,17,183
0021700540,142,148,6,290
0021700504,97,99,2,196
0021700732,102,113,11,215
0021700065,86,91,5,177
0021700536,107,102,5,209
0021700070,109,93,16,202
0021700290,109,121,12,230
0021700213,94,99,5,193
0021700438,110,114,4,224
0021700451,101,95,6,196
0021700718,109,100,9,209
0021700224,111,87,24,198
0021700853,98,104,6,202
0021700067,96,89,7,185
0021700497,121,104,17,225
0021700112,101,99,2,200
0021700594,99,127,28,226
0021700390,107,111,4,218
0021701009,110,97,13,207
0021701036,107,101,6,208
0021700185,107,125,18,232
0021700865,134,123,11,257
0021700993,129,122,7,251
0021700063,112,117,5,229
0021700921,105,92,13,197
0021700401,118,112,6,230
0021701024,111,110,1,221
0021700355,106,110,4,216
0021700182,90,98,8,188
0021700380,102,104,2,206
0021701109,110,114,4,224
0021700394,116,103,13,219
0021701218,105,99,6,204
0021700096,104,99,5,203
0021701210,85,98,13,183
0021700110,91,97,6,188
0021700589,110,111,1,221
0021700315,110,111,1,221
0021700413,105,91,14,196
0021700905,96,85,11,181
0021700079,101,69,32,170
0021700255,81,101,20,182
0021700818,82,100,18,182
0021700469,95,97,2,192
0021700878,112,89,23,201
0021700025,124,103,21,227
0021700123,119,104,15,223
0021700219,107,118,11,225
0021701160,114,120,6,234
0021700178,103,111,8,214
0021700274,92,104,12,196
0021700936,100,107,7,207
0021701173,95,123,28,218
0021700553,105,113,8,218
0021700103,110,91,19,201
0021700136,117,115,2,232
0021700314,97,108,11,205
0021700528,111,100,11,211
0021700714,110,121,11,231
0021700295,108,115,7,223
0021700466,112,115,3,227
0021700363,107,104,3,211
0021700807,138,140,2,278
0021700837,97,104,7,201
0021700303,107,131,24,238
0021700571,129,110,19,239
0021700953,105,89,16,194
0021701044,124,109,15,233
0021701063,115,88,27,203
0021700592,114,113,1,227
0021700126,101,108,7,209
0021700796,101,104,3,205
0021700533,89,104,15,193
0021700950,90,112,22,202
0021700411,115,109,6,224
0021701071,90,98,8,188
0021700673,86,99,13,185
0021700961,107,118,11,225
0021700854,104,102,2,206
0021701211,82,88,6,170
0021700498,83,107,24,190
0021701057,106,90,16,196
0021700203,97,91,6,188
0021701105,104,123,19,227
0021700430,100,109,9,209
0021700388,92,97,5,189
0021700259,95,125,30,220
0021700629,101,91,10,192
0021701090,99,105,6,204
0021700725,112,114,2,226
0021700169,104,111,7,215
0021700890,90,97,7,187
0021701191,134,115,19,249
0021700744,96,102,6,198
0021700516,89,102,13,191
0021700196,100,93,7,193
0021701209,94,113,19,207
0021700360,114,123,9,237
0021700087,124,111,13,235
0021700555,106,112,6,218
0021700707,108,85,23,193
0021700305,113,118,5,231
0021700543,114,96,18,210
0021700911,99,116,17,215
0021700570,84,91,7,175
0021701181,106,113,7,219
0021700260,95,94,1,189
0021700074,116,119,3,235
0021701176,115,119,4,234
0021700271,104,107,3,211
0021700472,111,97,14,208
0021700478,102,85,17,187
0021701215,101,113,12,214
0021700378,110,117,7,227
0021700371,116,107,9,223
0021700276,94,143,49,237
0021700187,106,114,8,220
0021700157,98,97,1,195
0021700358,101,87,14,188
0021700416,96,119,23,215
0021700656,91,96,5,187
0021700737,98,113,15,211
0021700397,114,123,9,237
0021700790,91,111,20,202
0021701103,128,137,9,265
0021701020,106,99,7,205
0021700170,87,90,3,177
0021700167,108,109,1,217
0021700222,120,123,3,243
0021701101,99,118,19,217
0021700906,118,100,18,218
0021700689,90,99,9,189
0021700020,111,115,4,226
0021700072,105,100,5,205
0021700539,105,108,3,213
0021700556,103,121,18,224
0021701076,119,112,7,231
0021701150,109,104,5,213
0021701053,115,118,3,233
0021700351,94,100,6,194
0021700168,94,102,8,196
0021700071,87,114,27,201
0021700554,116,98,18,214
0021700582,131,127,4,258
0021700769,105,130,25,235
0021701202,112,106,6,218
0021701138,93,107,14,200
0021700699,112,123,11,235
0021700914,117,104,13,221
0021700077,101,123,22,224
0021700238,100,97,3,197
0021700393,107,82,25,189
0021700523,111,87,24,198
0021700859,122,98,24,220
0021701126,99,103,4,202
0021700524,107,119,12,226
0021700265,80,110,30,190
0021700608,112,121,9,233
0021700336,106,112,6,218
0021700462,112,104,8,216
0021700575,102,100,2,202
0021700697,108,109,1,217
0021700024,93,88,5,181
0021700002,122,121,1,243
0021700275,115,91,24,206
0021701135,97,107,10,204
0021701193,124,96,28,220
0021700319,115,120,5,235
0021700311,95,104,9,199
0021700754,105,127,22,232
0021700990,94,104,10,198
0021700621,110,105,5,215
0021701227,123,137,14,260
0021700004,131,140,9,271
0021700702,98,95,3,193
0021700928,114,109,5,223
0021700938,96,105,9,201
0021701125,92,103,11,195
0021700338,118,95,23,213
0021701100,108,105,3,213
0021700235,120,95,25,215
0021700419,104,98,6,202
0021700042,93,104,11,197
0021700517,98,99,1,197
0021700723,107,85,22,192
0021700802,102,115,13,217
0021700525,128,120,8,248
0021701141,110,109,1,219
0021700057,105,104,1,209
0021700572,127,124,3,251
0021700650,116,113,3,229
0021700507,98,94,4,192
0021701006,116,111,5,227
0021701096,107,113,6,220
0021701158,98,101,3,199
0021700205,102,93,9,195
0021700779,120,88,32,208
0021701114,92,81,11,173
0021701162,102,106,4,208
0021700759,108,124,16,232
0021700395,104,111,7,215
0021700150,117,112,5,229
0021700464,84,97,13,181
0021700907,103,118,15,221
0021700354,96,98,2,194
0021700289,98,88,10,186
0021700658,99,105,6,204
0021700357,88,99,11,187
0021700433,111,115,4,226
0021700327,82,108,26,190
0021701084,99,105,6,204
0021700041,97,86,11,183
0021700439,109,97,12,206
0021701189,122,103,19,225
0021701058,93,86,7,179
0021701228,115,100,15,215
0021700932,103,96,7,199
0021700050,121,125,4,246
0021700495,111,103,8,214
0021700349,69,116,47,185
0021700774,119,104,15,223
0021700805,106,115,9,221
0021701159,97,73,24,170
0021700111,119,97,22,216
0021700153,114,119,5,233
0021700997,105,82,23,187
0021700147,98,92,6,190
0021700312,127,123,4,250
0021701035,102,109,7,211
0021700209,95,99,4,194
0021700244,86,107,21,193
0021700392,123,130,7,253
0021700637,103,120,17,223
0021700930,100,108,8,208
0021700428,109,124,15,233
0021700160,99,112,13,211
0021700976,107,110,3,217
0021700580,101,108,7,209
0021700457,104,99,5,203
0021700735,111,123,12,234
0021700836,113,121,8,234
0021700678,94,116,22,210
0021700652,111,118,7,229
0021700691,105,109,4,214
0021700292,118,108,10,226
0021700329,111,116,5,227
0021700988,102,129,27,231
0021700839,92,110,18,202
0021700665,98,116,18,214
0021701185,104,111,7,215
0021700266,102,113,11,215
0021700717,108,103,5,211
0021701170,100,105,5,205
0021700204,80,126,46,206
0021700617,81,93,12,174
0021700587,100,96,4,196
0021700954,98,100,2,198
0021701152,125,128,3,253
0021700030,111,107,4,218
0021700052,130,107,23,237
0021700062,88,97,9,185
0021700181,111,104,7,215
0021700191,99,112,13,211
0021700538,107,90,17,197
0021700059,117,100,17,217
0021700924,111,116,5,227
0021701139,115,109,6,224
0021700367,119,111,8,230
0021700660,90,114,24,204
0021700094,110,116,6,226
0021701216,124,97,27,221
0021700474,101,113,12,214
0021700868,120,113,7,233
0021700326,111,116,5,227
0021701039,114,109,5,223
0021700624,113,119,6,232
0021701043,97,103,6,200
0021700842,92,108,16,200
0021700035,79,96,17,175
0021700101,83,101,18,184
0021700683,103,95,8,198
0021700764,102,91,11,193
0021701098,101,97,4,198
0021700567,127,117,10,244
0021700396,91,96,5,187
0021701131,102,107,5,209
0021700249,110,102,8,212
0021700456,90,89,1,179
0021700197,109,98,11,207
0021700894,110,94,16,204
0021701086,105,100,5,205
0021701088,108,120,12,228
0021700280,112,78,34,190
0021700552,131,111,20,242
0021701223,95,130,35,225
0021700583,110,103,7,213
0021700414,111,104,7,215
0021700831,105,122,17,227
0021700323,95,79,16,174
0021701107,102,94,8,196
0021700429,93,91,2,184
0021701008,116,102,14,218
0021700484,107,112,5,219
0021700151,113,99,14,212
0021700903,105,112,7,217
0021701070,127,120,7,247
0021700875,122,105,17,227
0021701155,84,83,1,167
0021700632,105,107,2,212
0021701200,101,112,11,213
0021700751,99,129,30,228
0021700743,111,110,1,221
0021700148,80,97,17,177
0021700308,97,118,21,215
0021700500,89,107,18,196
0021701121,97,94,3,191
0021700383,104,101,3,205
0021700654,93,94,1,187
0021700944,98,103,5,201
0021700317,126,107,19,233
0021700986,102,116,14,218
0021701168,110,113,3,223
0021700107,109,119,10,228
0021700251,114,98,16,212
0021701163,111,107,4,218
0021700798,91,111,20,202
0021701095,103,106,3,209
0021701123,93,103,10,196
0021700800,123,113,10,236
0021700977,83,99,16,182
0021701183,130,132,2,262
0021700408,102,95,7,197
0021701031,115,122,7,237
0021701016,117,126,9,243
0021701207,123,109,14,232
0021700542,98,106,8,204
0021700687,107,112,5,219
0021701171,78,96,18,174
0021701015,103,112,9,215
0021701077,90,105,15,195
0021700335,123,95,28,218
0021700804,93,112,19,205
0021700600,117,106,11,223
0021700817,108,95,13,203
0021700590,113,132,19,245
0021700829,101,90,11,191
0021700667,83,86,3,169
0021700708,114,123,9,237
0021700214,115,109,6,224
0021700610,103,110,7,213
0021701132,103,104,1,207
0021700410,108,115,7,223
0021701051,100,110,10,210
0021700046,97,101,4,198
0021700772,114,100,14,214
0021700511,113,128,15,241
0021700662,104,109,5,213
0021700242,116,88,28,204
0021701111,86,118,32,204
0021700899,87,104,17,191
0021700043,98,90,8,188
0021700437,93,108,15,201
0021701055,92,110,18,202
0021701140,99,110,11,209
0021701019,106,117,11,223
0021701208,86,102,16,188
0021701179,95,117,22,212
0021700029,108,112,4,220
0021700264,113,107,6,220
0021700084,95,87,8,182
0021700435,96,98,2,194
0021701213,119,93,26,212
0021700832,123,113,10,236
0021700155,104,112,8,216
0021700492,108,99,9,207
0021700487,112,115,3,227
0021700234,90,102,12,192
0021700956,108,103,5,211
0021700130,112,124,12,236
0021700202,129,113,16,242
0021701028,105,113,8,218
0021700207,115,107,8,222
0021700603,115,111,4,226
0021700346,125,115,10,240
0021700783,106,99,7,205
0021700746,104,109,5,213
0021701221,109,116,7,225
0021700742,95,88,7,183
0021700968,110,99,11,209
0021700835,121,99,22,220
0021700959,113,117,4,230
0021700458,94,112,18,206
0021700113,104,98,6,202
0021700958,90,106,16,196
0021701174,112,122,10,234
0021700175,84,74,10,158
0021700427,111,117,6,228
0021700398,103,84,19,187
0021700984,108,125,17,233
0021700210,86,98,12,184
0021700797,98,116,18,214
0021700375,112,113,1,225
0021700431,96,111,15,207
0021700199,100,110,10,210
0021700781,120,111,9,231
0021700460,79,107,28,186
0021700076,101,92,9,193
0021700415,112,121,9,233
0021700780,107,118,11,225
0021700720,113,115,2,228
0021700562,125,122,3,247
0021700900,125,111,14,236
0021700032,91,107,16,198
0021701052,94,108,14,202
0021700565,133,96,37,229
0021700795,98,104,6,202
0021701120,114,126,12,240
0021700747,114,125,11,239
0021700833,123,103,20,226
0021701222,92,101,9,193
0021700729,97,111,14,208
0021700098,89,104,15,193
0021700724,121,108,13,229
0021700477,117,120,3,237
0021700828,98,112,14,210
0021700937,126,117,9,243
0021701198,97,109,12,206
0021700626,112,95,17,207
0021700709,113,102,11,215
0021700082,81,96,15,177
0021700446,107,108,1,215
0021700943,112,113,1,225
0021700089,110,83,27,193
0021700491,95,92,3,187
0021700545,95,98,3,193
0021701080,95,120,25,215
0021701164,109,115,6,224
0021701002,121,103,18,224
0021700648,102,113,11,215
0021700513,95,109,14,204
0021700013,105,100,5,205
0021701225,106,112,6,218
0021700486,109,94,15,203
0021700631,127,125,2,252
0021700908,123,129,6,252
0021700792,111,109,2,220
0021700421,119,117,2,236
0021700996,104,130,26,234
0021700519,107,119,12,226
0021700628,105,126,21,231
0021700045,133,103,30,236
0021700119,96,105,9,201
0021701059,99,100,1,199
0021700649,102,108,6,210
0021701166,110,117,7,227
0021700758,73,103,30,176
0021700952,103,125,22,228
0021700787,86,101,15,187
0021700463,93,91,2,184
0021700324,107,111,4,218
0021700470,89,100,11,189
0021700010,96,106,10,202
0021701116,118,105,13,223
0021700195,105,106,1,211
0021700258,100,108,8,208
0021701182,137,100,37,237
0021700653,109,133,24,242
0021700005,109,116,7,225
0021701142,112,96,16,208
0021700039,115,113,2,228
0021700655,100,95,5,195
0021700161,96,107,11,203
0021700809,92,96,4,188
0021701194,108,102,6,210
0021701151,121,97,24,218
0021700706,104,97,7,201
0021700473,84,119,35,203
0021700864,117,123,6,240
0021700285,108,121,13,229
0021701118,101,118,17,219
0021701197,123,117,6,240
0021700483,103,130,27,233
0021700403,92,99,7,191
0021700095,115,107,8,222
0021700773,129,97,32,226
0021700611,88,104,16,192
0021700212,79,92,13,171
0021700031,87,77,10,164
0021700860,91,100,9,191
0021700471,101,104,3,205
0021700568,103,107,4,210
0021700141,95,112,17,207
0021701119,103,108,5,211
0021700696,105,99,6,204
0021700018,114,96,18,210
0021700882,100,81,19,181
0021700122,130,122,8,252
0021700296,110,106,4,216
0021700114,111,129,18,240
0021701065,129,132,3,261
0021701037,106,114,8,220
0021701199,117,130,13,247
0021700999,120,97,23,217
0021700917,109,101,8,210
0021700348,93,96,3,189
0021700674,148,124,24,272
0021700661,120,105,15,225
0021700675,113,97,16,210
0021700512,107,124,17,231
0021700757,89,91,2,180
0021700404,100,95,5,195
0021700663,89,80,9,169
0021700306,86,115,29,201
0021700733,112,103,9,215
0021700855,102,104,2,206
0021700820,97,91,6,188
0021700651,102,105,3,207
0021700352,106,92,14,198
0021700506,102,91,11,193
0021700918,110,102,8,212
0021701079,108,100,8,208
0021700176,101,97,4,198
0021700350,113,126,13,239
0021700091,115,107,8,222
0021700618,88,99,11,187
0021700874,93,116,23,209
0021700102,122,114,8,236
0021700994,103,109,6,212
0021700518,96,102,6,198
0021700090,114,95,19,209
0021700501,115,106,9,221
0021700108,122,116,6,238
0021700739,100,105,5,205
0021700670,88,106,18,194
0021701005,101,98,3,199
0021700531,117,111,6,228
0021701010,112,106,6,218
0021701186,98,122,24,220
0021700232,105,83,22,188
0021700625,78,87,9,165
0021701014,129,107,22,236
0021700279,108,105,3,213
0021700873,110,98,12,208
0021701112,107,103,4,210
0021700866,111,119,8,230
0021700527,111,101,10,212
0021700177,94,113,19,207
0021700569,78,114,36,192
0021700713,113,126,13,239
0021701117,111,104,7,215
0021700896,119,114,5,233
0021700223,101,104,3,205
0021700604,114,106,8,220
0021700574,91,99,8,190
0021700761,102,104,2,206
0021700174,128,112,16,240
0021700549,110,127,17,237
0021700755,123,110,13,233
0021700262,90,107,17,197
0021701187,73,92,19,165
0021700368,102,98,4,200
0021700564,108,98,10,206
0021700426,115,109,6,224
0021700269,103,118,15,221
0021700688,90,104,14,194
0021700940,116,112,4,228
0021700054,84,102,18,186
0021700343,100,111,11,211
0021700402,89,95,6,184
0021700876,122,119,3,241
0021700442,112,111,1,223
0021700964,121,116,5,237
0021701056,75,89,14,164
0021700893,123,121,2,244
0021700698,102,114,12,216
0021700851,114,109,5,223
0021700277,106,86,20,192
0021701099,104,93,11,197
0021700794,104,121,17,225
0021701078,104,109,5,213
0021700078,96,90,6,186
0021700475,128,118,10,246
0021700479,106,113,7,219
0021700081,112,110,2,222
0021700423,107,95,12,202
0021701195,126,120,6,246
0021700047,109,104,5,213
0021701180,96,100,4,196
0021700777,92,100,8,192
0021700578,121,105,16,226
0021700163,101,125,24,226
0021700221,84,107,23,191
0021700901,94,123,29,217
0021701089,95,117,22,212
0021700838,106,111,5,217
0021700455,105,95,10,200
0021700966,121,119,2,240
0021700217,100,107,7,207
0021701001,93,109,16,202
0021700872,127,134,7,261
0021701048,129,120,9,249
0021700681,113,125,12,238
0021700019,102,92,10,194
0021700100,141,113,28,254
0021700586,102,103,1,205
0021700606,114,80,34,194
0021700530,79,93,14,172
0021700634,79,97,18,176
0021700447,94,95,1,189
0021700680,109,115,6,224
0021700318,133,112,21,245
0021700834,115,118,3,233
0021700227,122,113,9,235
0021700445,99,120,21,219
0021700668,95,101,6,196
0021701027,88,116,28,204
0021700399,109,113,4,222
0021701064,115,111,4,226
0021700299,104,99,5,203
0021700300,92,89,3,181
0021701133,126,125,1,251
0021700272,109,97,12,206
0021700241,102,118,16,220
0021700767,110,119,9,229
0021700799,82,108,26,190
0021700127,94,95,1,189
0021700105,121,126,5,247
0021700846,83,129,46,212
0021701083,118,105,13,223
0021700481,106,111,5,217
0021700677,104,111,7,215
0021700942,98,91,7,189
0021700325,108,114,6,222
0021701102,110,91,19,201
0021701075,125,128,3,253
0021701147,88,94,6,182
0021700526,97,95,2,192
0021701190,113,96,17,209
0021700965,104,84,20,188
0021700682,108,117,9,225
0021700017,91,109,18,200
0021700935,105,128,23,233
0021700933,124,116,8,240
0021701177,94,96,2,190
0021700216,142,116,26,258
0021700106,124,107,17,231
0021700581,86,125,39,211
0021700179,91,118,27,209
0021700499,93,98,5,191
0021700753,101,105,4,206
0021700508,99,113,14,212
0021700599,90,89,1,179
0021700765,124,127,3,251
0021701124,92,103,11,195
0021700534,101,104,3,205
0021700037,88,130,42,218
0021700347,105,122,17,227
0021700180,96,111,15,207
0021700425,94,96,2,190
0021700566,124,114,10,238
0021700033,101,111,10,212
0021700647,109,94,15,203
0021700692,128,132,4,260
0021700541,116,113,3,229
0021700916,106,134,28,240
0021700998,99,97,2,196
0021700184,114,135,21,249
0021701206,115,93,22,208
0021700293,103,91,12,194
0021700806,109,101,8,210
0021700356,90,97,7,187
0021701069,135,102,33,237
0021700376,101,89,12,190
0021701153,107,117,10,224
0021701203,117,100,17,217
0021700131,113,104,9,217
0021700585,98,106,8,204
0021700118,110,113,3,223
0021700250,85,96,11,181
0021700294,103,117,14,220
0021700407,118,124,6,242
0021700544,123,110,13,233
0021700730,89,91,2,180
0021700557,97,98,1,195
0021701011,115,119,4,234
0021700379,98,105,7,203
0021700561,101,122,21,223
0021700417,97,112,15,209
0021700615,99,133,34,232
0021701013,79,110,31,189
0021700236,118,111,7,229
0021700145,102,107,5,209
0021700165,118,122,4,240
0021700749,114,103,11,217
0021700740,109,120,11,229
0021700845,99,101,2,200
0021700069,114,106,8,220
0021700686,94,86,8,180
0021701178,119,111,8,230
0021700281,108,98,10,206
0021700563,111,134,23,245
0021700867,96,111,15,207
0021700121,110,121,11,231
0021700332,100,115,15,215
0021700760,88,102,14,190
0021700060,96,114,18,210
0021700676,106,105,1,211
0021700849,126,108,18,234
0021701113,103,97,6,200
0021700340,97,115,18,212
0021700206,101,106,5,207
0021700927,99,110,11,209
0021700370,103,89,14,192
0021701045,87,100,13,187
0021701157,95,121,26,216
0021700736,112,122,10,234
0021700436,102,93,9,195
0021700922,131,113,18,244
0021700183,94,133,39,227
0021700770,97,103,6,200
0021700752,104,96,8,200
0021700496,107,112,5,219
0021700982,116,97,19,213
0021700061,94,103,9,197
0021700254,109,119,10,228
0021700384,124,117,7,241
0021700386,91,81,10,172
0021700535,128,141,13,269
0021700981,112,120,8,232
0021700588,100,114,14,214
0021700657,119,112,7,231
0021700064,99,102,3,201
0021700246,100,92,8,192
0021700270,99,100,1,199
0021700786,99,96,3,195
0021701212,113,100,13,213
0021700738,96,105,9,201
0021700879,123,124,1,247
0021701172,115,86,29,201
0021701122,111,99,12,210
0021700104,93,113,20,206
0021700134,99,112,13,211
0021700505,95,122,27,217
0021700803,125,105,20,230
0021700710,89,88,1,177
0021700200,109,105,4,214
0021700480,86,102,16,188
0021700434,108,106,2,214
0021701066,105,119,14,224
0021700949,99,102,3,201
0021700034,110,113,3,223
0021700766,126,133,7,259
0021700341,115,101,14,216
0021700881,128,117,11,245
0021700985,88,94,6,182
0021700449,91,109,18,200
0021700051,89,110,21,199
0021700083,107,114,7,221
0021700309,120,102,18,222
0021700613,125,106,19,231
0021700812,88,113,25,201
0021700975,87,115,28,202
0021700685,101,100,1,201
0021700636,120,97,23,217
0021700193,104,101,3,205
0021700902,116,125,9,241
0021700741,95,107,12,202
0021700056,101,122,21,223
0021700785,109,94,15,203
0021700365,95,100,5,195
0021700843,114,101,13,215
0021701025,93,98,5,191
0021700514,101,126,25,227
0021701041,117,122,5,239
0021701007,119,107,12,226
0021700931,108,102,6,210
0021700926,106,115,9,221
0021700602,86,99,13,185
0021701038,101,124,23,225
0021701128,116,107,9,223
0021700424,87,120,33,207
0021700008,91,103,12,194
0021701018,119,123,4,242
0021700220,113,118,5,231
0021700387,116,126,10,242
0021700377,110,99,11,209
0021700715,108,115,7,223
0021700877,102,120,18,222
0021700612,110,97,13,207
0021700789,115,110,5,225
0021700454,129,111,18,240
0021700646,118,108,10,226
0021701144,94,113,19,207
0021700891,113,108,5,221
0021700448,97,91,6,188
0021701097,117,106,11,223
0021700775,103,113,10,216
0021700694,101,104,3,205
0021700826,138,128,10,266
0021700092,94,108,14,202
0021700971,107,108,1,215
0021700086,94,97,3,191
0021700782,108,115,7,223
0021701204,108,98,10,206
0021700382,102,101,1,203
0021700139,107,96,11,203
0021701167,94,97,3,191
0021700333,123,116,7,239
0021701091,91,114,23,205
0021701201,112,97,15,209
0021700970,113,108,5,221
0021701012,72,108,36,180
0021700022,121,126,5,247
0021700009,117,111,6,228
0021700337,87,90,3,177
0021700239,105,113,8,218
0021700721,107,93,14,200
0021700133,96,90,6,186
0021701023,96,101,5,197
0021700201,109,102,7,211
0021701034,92,91,1,183
0021701032,113,121,8,234
0021700593,116,107,9,223
0021701106,101,93,8,194
0021701134,93,92,1,185
0021700021,116,97,19,213
0021700716,97,93,4,190
0021700963,101,114,13,215
0021700722,97,78,19,175
0021700109,86,113,27,199
0021700342,110,90,20,200
0021700711,112,121,9,233
0021700282,102,117,15,219
0021700619,95,97,2,192
0021700116,98,119,21,217
0021700339,94,104,10,198
0021700422,91,100,9,191
0021700614,114,103,11,217
0021701033,98,93,5,191
0021700979,105,108,3,213
0021700015,84,105,21,189
0021700230,110,99,11,209
0021700385,102,87,15,189
0021700703,101,116,15,217
0021701073,118,98,20,216
0021700955,80,94,14,174
0021700267,127,125,2,252
0021700011,99,107,8,206
0021700125,99,94,5,193
0021700502,97,109,12,206
0021800794,118,110,8,228
0021800982,104,114,10,218
0021800758,114,90,24,204
0021800825,105,125,20,230
0021801144,120,115,5,235
0021800915,125,126,1,251
0021800355,129,105,24,234
0021800714,98,94,4,192
0021801016,111,132,21,243
0021800521,94,118,24,212
0021800389,119,107,12,226
0021800217,91,99,8,190
0021800857,120,129,9,249
0021800832,117,112,5,229
0021800368,107,113,6,220
0021800717,116,122,6,238
0021800770,92,100,8,192
0021800554,122,84,38,206
0021800960,106,114,8,220
0021800937,88,117,29,205
0021800159,98,107,9,205
0021800336,110,111,1,221
0021800131,88,103,15,191
0021800996,97,105,8,202
0021800046,125,124,1,249
0021800276,87,112,25,199
0021800352,102,111,9,213
0021800206,106,104,2,210
0021800393,100,113,13,213
0021800685,117,103,14,220
0021800779,108,113,5,221
0021800424,113,101,12,214
0021800319,95,128,33,223
0021800881,147,148,1,295
0021801077,118,98,20,216
0021801218,111,112,1,223
0021800801,106,108,2,214
0021800249,118,125,7,243
0021800709,111,99,12,210
0021800088,92,113,21,205
0021800330,134,136,2,270
0021800769,123,120,3,243
0021800800,119,107,12,226
0021800367,91,118,27,209
0021801057,116,101,15,217
0021800232,109,112,3,221
0021800661,105,101,4,206
0021801188,98,119,21,217
0021800059,108,123,15,231
0021800187,121,114,7,235
0021800385,105,113,8,218
0021800145,107,115,8,222
0021800295,102,95,7,197
0021800530,126,130,4,256
0021800809,127,101,26,228
0021800916,109,107,2,216
0021800590,119,113,6,232
0021800719,120,105,15,225
0021800798,94,136,42,230
0021801012,107,133,26,240
0021800620,102,112,10,214
0021800357,131,117,14,248
0021800976,129,121,8,250
0021800121,118,106,12,224
0021800682,118,108,10,226
0021800701,130,111,19,241
0021800228,115,125,10,240
0021800546,114,123,9,237
0021800284,129,135,6,264
0021800296,131,135,4,266
0021800382,112,104,8,216
0021800683,113,105,8,218
0021800076,97,85,12,182
0021800401,105,108,3,213
0021800520,101,92,9,193
0021800471,114,106,8,220
0021800952,88,127,39,215
0021800936,117,112,5,229
0021800862,107,129,22,236
0021800400,108,116,8,224
0021800550,98,121,23,219
0021801098,115,114,1,229
0021800240,102,113,11,215
0021801074,106,113,7,219
0021800304,85,117,32,202
0021800233,110,100,10,210
0021800063,103,110,7,213
0021800847,87,103,16,190
0021800291,103,98,5,201
0021801085,87,116,29,203
0021800574,119,112,7,231
0021800925,118,121,3,239
0021800348,91,103,12,194
0021800098,107,99,8,206
0021800699,93,121,28,214
0021800279,108,117,9,225
0021800326,136,105,31,241
0021800149,102,113,11,215
0021800488,103,119,16,222
0021800467,99,101,2,200
0021800901,124,121,3,245
0021800031,118,116,2,234
0021800106,108,107,1,215
0021800261,113,119,6,232
0021800413,84,111,27,195
0021800890,119,116,3,235
0021800947,107,128,21,235
0021801013,125,104,21,229
0021800158,87,89,2,176
0021801009,123,107,16,230
0021800045,92,84,8,176
0021800022,129,149,20,278
0021800968,111,104,7,215
0021800851,118,88,30,206
0021800927,108,104,4,212
0021800736,108,122,14,230
0021801197,132,126,6,258
0021800156,88,95,7,183
0021801227,94,105,11,199
0021800097,114,136,22,250
0021800039,112,115,3,227
0021800140,120,115,5,235
0021800308,101,91,10,192
0021800469,86,98,12,184
0021800552,113,108,5,221
0021800163,80,98,18,178
0021800703,114,123,9,237
0021800044,109,115,6,224
0021800150,100,119,19,219
0021800278,83,90,7,173
0021800956,115,112,3,227
0021801111,94,108,14,202
0021801195,109,117,8,226
0021800815,95,117,22,212
0021800630,109,104,5,213
0021800079,111,120,9,231
0021800405,107,108,1,215
0021801162,111,117,6,228
0021800972,96,107,11,203
0021801118,118,103,15,221
0021800788,129,134,5,263
0021800409,130,125,5,255
0021801129,110,116,6,226
0021800761,105,99,6,204
0021800765,100,107,7,207
0021800667,120,96,24,216
0021801040,100,102,2,202
0021800793,109,107,2,216
0021800856,126,111,15,237
0021800048,143,142,1,285
0021800125,99,109,10,208
0021800730,126,114,12,240
0021800919,105,111,6,216
0021800069,107,116,9,223
0021801071,110,105,5,215
0021800663,140,147,7,287
0021800043,91,101,10,192
0021800623,121,106,15,227
0021800317,96,104,8,200
0021800810,102,141,39,243
0021801123,110,123,13,233
0021801173,85,113,28,198
0021800374,107,103,4,210
0021800161,114,105,9,219
0021800327,99,85,14,184
0021800341,110,114,4,224
0021800015,113,112,1,225
0021800849,112,109,3,221
0021800665,100,101,1,201
0021801209,124,97,27,221
0021800746,104,112,8,216
0021800342,118,131,13,249
0021800724,119,121,2,240
0021800222,124,129,5,253
0021800305,109,104,5,213
0021800802,122,132,10,254
0021800837,124,108,16,232
0021800273,103,96,7,199
0021801158,102,122,20,224
0021800593,113,125,12,238
0021801000,115,111,4,226
0021800523,112,114,2,226
0021800114,146,115,31,261
0021800748,123,118,5,241
0021800285,116,117,1,233
0021800737,98,103,5,201
0021800072,115,117,2,232
0021800396,113,122,9,235
0021800672,93,98,5,191
0021801028,116,110,6,226
0021800242,114,119,5,233
0021800712,121,101,20,222
0021800514,116,117,1,233
0021800878,115,104,11,219
0021800262,104,103,1,207
0021801150,90,137,47,227
0021800333,88,102,14,190
0021800572,112,144,32,256
0021801219,104,101,3,205
0021800431,104,113,9,217
0021800615,112,124,12,236
0021800990,114,131,17,245
0021800337,96,120,24,216
0021801094,103,112,9,215
0021800035,124,115,9,239
0021800354,105,139,34,244
0021800433,98,93,5,191
0021800508,87,95,8,182
0021800781,95,88,7,183
0021801082,111,93,18,204
0021800213,86,107,21,193
0021800286,108,104,4,212
0021800955,105,114,9,219
0021800404,123,99,24,222
0021800691,127,109,18,236
0021800427,122,128,6,250
0021800591,119,107,12,226
0021800107,125,128,3,253
0021800738,112,118,6,230
0021800668,109,111,2,220
0021800796,117,115,2,232
0021801062,117,107,10,224
0021800497,109,95,14,204
0021800635,93,102,9,195
0021800755,121,105,16,226
0021800902,117,106,11,223
0021801011,112,105,7,217
0021800270,121,112,9,233
0021800180,89,96,7,185
0021800267,111,116,5,227
0021800704,98,106,8,204
0021800854,106,97,9,203
0021800136,100,102,2,202
0021800343,110,83,27,193
0021801058,98,106,8,204
0021800594,102,114,12,216
0021801204,110,113,3,223
0021800406,106,113,7,219
0021800292,133,112,21,245
0021801170,112,102,10,214
0021800315,99,115,16,214
0021801005,98,89,9,187
0021800259,100,143,43,243
0021800052,104,111,7,215
0021800347,106,103,3,209
0021800454,118,126,8,244
0021801110,103,112,9,215
0021800113,113,122,9,235
0021800621,123,121,2,244
0021800652,107,149,42,256
0021801225,117,132,15,249
0021800482,87,94,7,181
0021800628,96,127,31,223
0021800690,103,95,8,198
0021800893,109,125,16,234
0021801229,137,143,6,280
0021800117,120,95,25,215
0021800861,111,121,10,232
0021800399,123,119,4,242
0021800613,94,104,10,198
0021801069,120,126,6,246
0021800842,125,127,2,252
0021801145,135,136,1,271
0021800203,95,119,24,214
0021800589,105,121,16,226
0021800229,98,86,12,184
0021800134,97,122,25,219
0021800503,122,120,2,242
0021800528,108,104,4,212
0021800720,95,91,4,186
0021800814,129,128,1,257
0021800610,116,109,7,225
0021801167,115,114,1,229
0021800168,132,133,1,265
0021800599,123,115,8,238
0021800143,116,115,1,231
0021800923,96,103,7,199
0021800760,97,99,2,196
0021800458,111,103,8,214
0021800747,95,92,3,187
0021800804,130,135,5,265
0021800130,95,109,14,204
0021800640,133,114,19,247
0021800823,117,122,5,239
0021800019,101,113,12,214
0021801171,115,109,6,224
0021800946,123,118,5,241
0021800515,114,97,17,211
0021800080,96,117,21,213
0021800126,94,126,32,220
0021800518,88,125,37,213
0021801128,118,121,3,239
0021800148,109,120,11,229
0021801031,122,110,12,232
0021800629,109,146,37,255
0021800820,125,106,19,231
0021801157,132,122,10,254
0021800366,86,108,22,194
0021800670,138,128,10,266
0021800979,110,126,16,236
0021801039,103,108,5,211
0021800193,103,98,5,201
0021800812,112,122,10,234
0021801089,113,108,5,221
0021800971,114,104,10,218
0021800293,104,100,4,204
0021800309,128,108,20,236
0021800490,112,92,20,204
0021801115,92,95,3,187
0021801030,102,108,6,210
0021800657,115,120,5,235
0021800713,118,107,11,225
0021800603,119,117,2,236
0021800889,116,126,10,242
0021800241,94,121,27,215
0021800571,103,120,17,223
0021800146,124,111,13,235
0021800578,100,106,6,206
0021800741,106,97,9,203
0021800763,105,132,27,237
0021800084,113,104,9,217
0021801035,128,135,7,263
0021801067,115,118,3,233
0021801190,110,119,9,229
0021800188,94,100,6,194
0021800807,93,99,6,192
0021800504,129,121,8,250
0021800258,124,126,2,250
0021800799,105,92,13,197
0021800463,129,123,6,252
0021800263,119,110,9,229
0021800695,122,103,19,225
0021800547,102,122,20,224
0021800836,104,117,13,221
0021801213,96,86,10,182
0021800522,123,120,3,243
0021800570,109,100,9,209
0021800123,107,98,9,205
0021800205,120,107,13,227
0021800268,114,96,18,210
0021801103,98,119,21,217
0021800201,103,110,7,213
0021800880,114,104,10,218
0021800478,104,112,8,216
0021800895,96,123,27,219
0021800175,126,128,2,254
0021801224,109,125,16,234
0021800055,105,112,7,217
0021800038,98,100,2,198
0021800094,108,113,5,221
0021800260,103,101,2,204
0021800172,115,123,8,238
0021800767,114,117,3,231
0021800993,125,104,21,229
0021800414,130,141,11,271
0021801097,88,124,36,212
0021800948,93,107,14,200
0021801214,120,100,20,220
0021800632,103,105,2,208
0021800307,91,117,26,208
0021800544,101,113,12,214
0021800004,100,103,3,203
0021801184,96,120,24,216
0021801206,108,115,7,223
0021800320,119,111,8,230
0021800211,96,116,20,212
0021800453,110,115,5,225
0021800256,109,105,4,214
0021800584,117,100,17,217
0021800524,99,102,3,201
0021800756,94,126,32,220
0021800311,89,128,39,217
0021800392,102,116,14,218
0021800449,93,110,17,203
0021800549,116,122,6,238
0021800648,94,100,6,194
0021801116,106,124,18,230
0021801223,115,89,26,204
0021800891,128,140,12,268
0021801189,126,133,7,259
0021801127,118,128,10,246
0021801165,108,89,19,197
0021800924,125,118,7,243
0021801088,127,129,2,256
0021800323,131,125,6,256
0021801200,113,149,36,262
0021801059,118,114,4,232
0021800462,115,123,8,238
0021800181,96,111,15,207
0021800383,133,77,56,210
0021800607,108,135,27,243
0021800638,108,105,3,213
0021801178,104,117,13,221
0021800047,103,123,20,226
0021800592,95,116,21,211
0021800083,120,114,6,234
0021800644,101,95,6,196
0021800198,116,121,5,237
0021800707,103,123,20,226
0021800739,123,120,3,243
0021800418,91,97,6,188
0021800073,112,116,4,228
0021801166,100,114,14,214
0021800376,115,98,17,213
0021800391,101,109,8,210
0021800876,117,120,3,237
0021800969,107,113,6,220
0021801120,124,121,3,245
0021800664,129,109,20,238
0021800157,100,94,6,194
0021800602,101,104,3,205
0021800580,123,116,7,239
0021800721,99,109,10,208
0021800659,145,142,3,287
0021800910,112,121,9,233
0021801155,105,113,8,218
0021801217,108,118,10,226
0021800122,110,100,10,210
0021800237,119,109,10,228
0021800858,110,122,12,232
0021800225,122,119,3,241
0021800095,111,116,5,227
0021800808,88,116,28,204
0021801044,107,110,3,217
0021801104,103,115,12,218
0021800811,92,116,24,208
0021800465,92,99,7,191
0021801041,98,114,16,212
0021801107,116,125,9,241
0021801161,103,119,16,222
0021800776,118,125,7,243
0021800898,123,110,13,233
0021800479,111,132,21,243
0021800696,94,123,29,217
0021800906,111,110,1,221
0021801176,135,103,32,238
0021800012,107,98,9,205
0021800208,100,107,7,207
0021800679,115,135,20,250
0021800619,147,154,7,301
0021800537,113,104,9,217
0021800688,95,120,25,215
0021800708,110,114,4,224
0021800850,108,107,1,215
0021800251,118,114,4,232
0021801202,107,115,8,222
0021800194,96,88,8,184
0021800277,97,125,28,222
0021800904,105,110,5,215
0021800133,109,144,35,253
0021800280,114,124,10,238
0021800138,81,111,30,192
0021800074,109,89,20,198
0021800024,124,123,1,247
0021800461,118,136,18,254
0021800548,132,109,23,241
0021800764,89,93,4,182
0021801020,106,108,2,214
0021800601,103,99,4,202
0021800124,99,116,17,215
0021800633,106,110,4,216
0021801160,113,122,9,235
0021800089,123,113,10,236
0021801137,96,110,14,206
0021800491,115,91,24,206
0021800246,126,140,14,266
0021800253,120,121,1,241
0021800227,117,130,13,247
0021800689,114,116,2,230
0021800816,118,127,9,245
0021800975,98,117,19,215
0021801066,96,119,23,215
0021800452,110,118,8,228
0021800182,100,116,16,216
0021800753,121,116,5,237
0021800782,101,115,14,216
0021800978,106,111,5,217
0021801201,129,127,2,256
0021800283,104,113,9,217
0021800166,134,111,23,245
0021800178,98,99,1,197
0021800179,106,112,6,218
0021800575,111,109,2,220
0021800507,119,94,25,213
0021800797,103,96,7,199
0021800885,107,112,5,219
0021800569,119,116,3,235
0021800442,86,95,9,181
0021800941,120,112,8,232
0021800998,92,103,11,195
0021800656,100,107,7,207
0021800428,130,125,5,255
0021800973,111,109,2,220
0021801091,112,99,13,211
0021801182,129,112,17,241
0021800349,129,126,3,255
0021801181,113,149,36,262
0021800257,116,124,8,240
0021800435,99,107,8,206
0021800637,102,110,8,212
0021800824,96,102,6,198
0021800212,117,126,9,243
0021800626,119,115,4,234
0021801075,113,108,5,221
0021801230,131,136,5,267
0021800027,117,113,4,230
0021800386,121,98,23,219
0021800184,113,103,10,216
0021800944,118,108,10,226
0021800109,113,114,1,227
0021800356,124,118,6,242
0021801134,124,128,4,252
0021800434,104,110,6,214
0021800486,98,95,3,193
0021800412,107,114,7,221
0021800110,120,90,30,210
0021800646,94,112,18,206
0021800785,108,115,7,223
0021800324,101,106,5,207
0021801022,120,126,6,246
0021801051,116,95,21,211
0021800835,120,143,23,263
0021800173,110,121,11,231
0021800577,110,105,5,215
0021800555,117,92,25,209
0021800002,100,108,8,208
0021800321,88,107,19,195
0021800618,100,121,21,221
0021800821,122,107,15,229
0021800933,116,109,7,225
0021801119,99,107,8,206
0021800731,103,106,3,209
0021800974,115,99,16,214
0021800030,113,112,1,225
0021800361,92,115,23,207
0021800822,117,107,10,224
0021800581,88,108,20,196
0021800961,107,95,12,202
0021800525,118,102,16,220
0021800945,115,104,11,219
0021800054,87,110,23,197
0021801027,114,123,9,237
0021800872,106,111,5,217
0021800338,119,109,10,228
0021800127,101,102,1,203
0021801125,117,92,25,209
0021800834,101,102,1,203
0021801023,98,111,13,209
0021800565,135,134,1,269
0021801053,92,128,36,220
0021801154,131,121,10,252
0021800852,108,115,7,223
0021800863,107,134,27,241
0021800033,91,119,28,210
0021800888,119,96,23,215
0021800162,110,114,4,224
0021800616,100,113,13,213
0021800070,133,113,20,246
0021800224,127,119,8,246
0021800568,109,115,6,224
0021800877,125,122,3,247
0021800380,98,106,8,204
0021801153,105,110,5,215
0021800534,115,105,10,220
0021800817,103,120,17,223
0021800011,123,117,6,240
0021800313,83,100,17,183
0021800562,107,100,7,207
0021800631,108,112,4,220
0021800912,123,131,8,254
0021801002,115,121,6,236
0021801052,114,105,9,219
0021801050,119,126,7,245
0021801122,98,115,17,213
0021800875,110,109,1,219
0021800191,124,114,10,238
0021800464,103,108,5,211
0021800678,117,115,2,232
0021800660,111,101,10,212
0021801084,105,111,6,216
0021800234,100,87,13,187
0021800238,92,104,12,196
0021800360,86,96,10,182
0021800745,132,100,32,232
0021800992,108,131,23,239
0021801072,123,114,9,237
0021800989,120,107,13,227
0021801070,125,126,1,251
0021800734,111,120,9,231
0021800485,107,106,1,213
0021800715,108,114,6,222
0021800527,115,129,14,244
0021800153,95,86,9,181
0021800459,96,99,3,195
0021800787,96,84,12,180
0021800350,90,96,6,186
0021800077,119,107,12,226
0021800662,112,129,17,241
0021800666,95,114,19,209
0021800500,127,101,26,228
0021800371,105,106,1,211
0021800064,128,114,14,242
0021800502,95,106,11,201
0021800930,117,119,2,236
0021801152,102,111,9,213
0021800441,102,96,6,198
0021801100,115,96,19,211
0021800005,83,111,28,194
0021800026,112,132,20,244
0021800068,128,100,28,228
0021800105,107,101,6,208
0021800318,133,121,12,254
0021800001,87,105,18,192
0021800843,112,99,13,211
0021800023,101,118,17,219
0021800830,134,125,9,259
0021801109,104,99,5,203
0021800529,108,111,3,219
0021801061,101,115,14,216
0021800111,111,107,4,218
0021801076,114,117,3,231
0021800271,107,125,18,232
0021800762,113,135,22,248
0021800477,99,102,3,201
0021800487,89,105,16,194
0021800501,96,117,21,213
0021800818,110,117,7,227
0021800887,115,128,13,243
0021800010,108,112,4,220
0021800025,92,108,16,200
0021800255,117,109,8,226
0021800340,95,103,8,198
0021800943,111,115,4,226
0021800455,99,110,11,209
0021800587,82,106,24,188
0021800411,114,118,4,232
0021800499,114,121,7,235
0021800673,117,115,2,232
0021801192,122,117,5,239
0021800298,124,107,17,231
0021800909,95,118,23,213
0021800281,96,111,15,207
0021800614,93,106,13,199
0021800791,137,129,8,266
0021800790,103,129,26,232
0021800322,98,123,25,221
0021801063,123,121,2,244
0021800970,107,108,1,215
0021800185,103,115,12,218
0021800310,113,116,3,229
0021800407,97,113,16,210
0021800432,105,97,8,202
0021800438,99,110,11,209
0021800905,105,112,7,217
0021800183,101,86,15,187
0021800429,89,96,7,185
0021801046,91,101,10,192
0021801149,113,106,7,219
0021800848,113,117,4,230
0021800196,101,118,17,219
0021800757,105,89,16,194
0021801211,116,110,6,226
0021800147,101,117,16,218
0021801169,115,105,10,220
0021800498,109,113,4,222
0021800585,86,108,22,194
0021800958,113,105,8,218
0021800896,118,130,12,248
0021800417,87,125,38,212
0021800300,110,116,6,226
0021800101,104,85,19,189
0021800335,118,109,9,227
0021800777,89,102,13,191
0021800962,111,120,9,231
0021801187,122,112,10,234
0021800684,90,119,29,209
0021800827,129,120,9,249
0021800949,107,112,5,219
0021800727,99,108,9,207
0021801135,115,129,14,244
0021800299,121,88,33,209
0021801220,135,134,1,269
0021800190,109,117,8,226
0021800605,95,122,27,217
0021800093,120,124,4,244
0021800137,117,110,7,227
0021800718,120,106,14,226
0021800365,100,128,28,228
0021801056,129,125,4,254
0021800192,126,110,16,236
0021800597,101,111,10,212
0021800934,131,120,11,251
0021800939,111,81,30,192
0021800373,112,114,2,226
0021800167,108,117,9,225
0021800439,110,128,18,238
0021800049,132,133,1,265
0021800480,146,149,3,295
0021800780,111,98,13,209
0021800625,113,141,28,254
0021801138,108,119,11,227
0021801180,111,113,2,224
0021800316,128,131,3,259
0021800036,133,111,22,244
0021800806,129,148,19,277
0021800302,115,113,2,228
0021800634,112,122,10,234
0021800700,109,104,5,213
0021800042,113,124,11,237
0021800328,103,114,11,217
0021800390,97,110,13,207
0021800303,122,114,8,236
0021800866,122,131,9,253
0021800588,116,98,18,214
0021800999,114,121,7,235
0021801021,91,120,29,211
0021800582,101,110,9,211
0021801168,122,130,8,252
0021800733,110,126,16,236
0021800008,104,116,12,220
0021801019,114,97,17,211
0021800408,127,124,3,251
0021800425,100,97,3,197
0021800332,106,95,11,201
0021800346,110,107,3,217
0021800606,109,128,19,237
0021800647,108,93,15,201
0021800071,125,95,30,220
0021800674,116,113,3,229
0021801113,130,120,10,250
0021800007,107,126,19,233
0021800784,118,112,6,230
0021800419,89,99,10,188
0021800294,107,110,3,217
0021800744,92,101,9,193
0021800362,104,121,17,225
0021800706,106,110,4,216
0021800921,119,125,6,244
0021801185,109,111,2,220
0021800472,114,107,7,221
0021800402,104,111,7,215
0021800381,101,116,15,217
0021800867,98,111,13,209
0021800907,112,121,9,233
0021800977,111,112,1,223
0021801017,96,108,12,204
0021800351,105,90,15,195
0021800189,106,107,1,213
0021800176,99,119,20,218
0021800230,122,83,39,205
0021800248,93,91,2,184
0021801151,96,113,17,209
0021800057,100,89,11,189
0021800207,116,113,3,229
0021800917,93,105,12,198
0021800994,89,106,17,195
0021801196,112,90,22,202
0021800239,112,117,5,229
0021800839,104,107,3,211
0021800495,118,121,3,239
0021800697,105,85,20,190
0021800928,168,161,7,329
0021800457,109,131,22,240
0021800473,120,107,13,227
0021800115,113,117,4,230
0021800445,97,102,5,199
0021801045,75,93,18,168
0021800833,103,83,20,186
0021800236,117,131,14,248
0021800512,113,127,14,240
0021800016,119,128,9,247
0021800345,99,97,2,196
0021800395,92,108,16,200
0021800743,102,116,14,218
0021800899,109,113,4,222
0021800492,117,122,5,239
0021800965,91,84,7,175
0021800028,103,101,2,204
0021801081,110,108,2,218
0021800671,116,122,6,238
0021800951,95,99,4,194
0021800844,104,120,16,224
0021800154,103,96,7,199
0021800204,82,111,29,193
0021800538,89,95,6,184
0021800092,109,124,15,233
0021800116,119,132,13,251
0021800567,117,91,26,208
0021800475,98,124,26,222
0021800639,140,138,2,278
0021800805,125,120,5,245
0021800669,105,135,30,240
0021801042,123,124,1,247
0021800062,122,144,22,266
0021800128,118,123,5,241
0021800266,107,112,5,219
0021801033,121,128,7,249
0021801114,125,121,4,246
0021800533,122,118,4,240
0021800067,106,135,29,241
0021800219,115,104,11,219
0021800723,106,101,5,207
0021800021,123,131,8,254
0021800403,86,111,25,197
0021800269,109,114,5,223
0021800772,118,102,16,220
0021800874,111,126,15,237
0021800609,100,116,16,216
0021800287,107,118,11,225
0021801222,122,114,8,236
0021800202,106,111,5,217
0021800397,76,101,25,177
0021800883,112,120,8,232
0021800722,100,94,6,194
0021800243,127,119,8,246
0021801060,121,105,16,226
0021800377,105,95,10,200
0021800470,110,126,16,236
0021800931,96,107,11,203
0021800985,110,118,8,228
0021801093,112,117,5,229
0021800174,112,128,16,240
0021800783,107,106,1,213
0021800223,104,123,19,227
0021800884,117,115,2,232
0021800420,108,129,21,237
0021800957,108,115,7,223
0021801055,105,111,6,216
0021801156,109,121,12,230
0021801183,117,97,20,214
0021800892,118,112,6,230
0021800053,102,86,16,188
0021800086,104,136,32,240
0021800058,116,96,20,212
0021800536,107,109,2,216
0021800325,109,124,15,233
0021800716,126,118,8,244
0021800871,123,125,2,248
0021800460,96,93,3,189
0021800421,126,124,2,250
0021800829,123,112,11,235
0021800359,102,113,11,215
0021801101,114,121,7,235
0021800908,103,108,5,211
0021800151,104,82,22,186
0021800388,104,99,5,203
0021800132,114,110,4,224
0021800561,132,127,5,259
0021800551,108,115,7,223
0021800855,110,118,8,228
0021801221,94,113,19,207
0021800967,123,132,9,255
0021800209,103,128,25,231
0021800553,119,113,6,232
0021800935,129,93,36,222
0021800029,115,116,1,231
0021800170,110,102,8,212
0021800481,101,126,25,227
0021800436,127,144,17,271
0021800541,114,121,7,235
0021800950,121,135,14,256
0021800608,106,123,17,229
0021800966,114,131,17,245
0021801117,118,98,20,216
0021801065,102,107,5,209
0021800879,112,106,6,218
0021800894,113,98,15,211
0021800653,126,142,16,268
0021800792,113,94,19,207
0021800611,86,96,10,182
0021801099,113,90,23,203
0021800505,132,134,2,266
0021801095,124,113,11,237
0021800586,96,106,10,202
0021801191,114,120,6,234
0021800826,90,105,15,195
0021801194,116,96,20,212
0021800940,102,116,14,218
0021801112,122,111,11,233
0021800139,121,107,14,228
0021800929,123,112,11,235
0021801226,127,116,11,243
0021800831,90,99,9,189
0021800265,112,102,10,214
0021800658,108,117,9,225
0021800254,124,108,16,232
0021800645,102,109,7,211
0021800759,89,107,18,196
0021800922,115,122,7,237
0021800353,122,105,17,227
0021800539,103,105,2,208
0021801130,112,114,2,226
0021800118,119,111,8,230
0021800226,89,97,8,186
0021800526,118,107,11,225
0021800913,97,92,5,189
0021800558,102,115,13,217
0021800752,117,122,5,239
0021800394,108,89,19,197
0021801092,126,91,35,217
0021800142,100,102,2,202
0021800997,94,93,1,187
0021801008,99,106,7,205
0021800450,131,127,4,258
0021800363,106,132,26,238
0021800564,117,113,4,230
0021800560,101,94,7,195
0021800210,68,118,50,186
0021800020,117,131,14,248
0021800903,111,119,8,230
0021801175,89,116,27,205
0021800873,110,123,13,233
0021800430,128,100,28,228
0021800135,95,108,13,203
0021800710,114,110,4,224
0021800160,102,117,15,219
0021800766,105,92,13,197
0021800493,114,112,2,226
0021801179,108,90,18,198
0021800860,118,120,2,238
0021800600,115,132,17,247
0021800398,99,105,6,204
0021800642,119,114,5,233
0021800516,110,109,1,219
0021801205,104,131,27,235
0021800484,116,120,4,236
0021800897,121,110,11,231
0021800813,119,101,18,220
0021800275,116,114,2,230
0021800650,121,117,4,238
0021801048,102,117,15,219
0021800735,104,101,3,205
0021801032,83,109,26,192
0021800932,130,116,14,246
0021800344,128,111,17,239
0021800013,100,121,21,221
0021800085,110,117,7,227
0021800859,112,101,11,213
0021801140,121,116,5,237
0021800841,90,99,9,189
0021801087,117,124,7,241
0021801212,99,122,23,221
0021800369,117,111,6,228
0021800725,99,96,3,195
0021800983,127,104,23,231
0021800643,113,116,3,229
0021800768,113,104,9,217
0021800082,106,110,4,216
0021801163,130,105,25,235
0021800060,131,113,18,244
0021800440,120,113,7,233
0021800519,87,116,29,203
0021800774,122,136,14,258
0021800775,111,101,10,212
0021801147,130,102,28,232
0021800535,122,111,11,233
0021800557,121,126,5,247
0021800680,103,101,2,204
0021801199,108,96,12,204
0021800466,132,113,19,245
0021800532,97,129,32,226
0021800728,95,132,37,227
0021800702,105,120,15,225
0021800517,87,100,13,187
0021801014,74,108,34,182
0021800649,107,115,8,222
0021801142,124,101,23,225
0021800911,118,113,5,231
0021801102,106,111,5,217
0021800034,108,121,13,229
0021800543,100,125,25,225
0021800509,119,122,3,241
0021800655,142,111,31,253
0021800676,112,94,18,206
0021800840,112,121,9,233
0021800164,116,109,7,225
0021801207,133,129,4,262
0021800583,127,123,4,250
0021800423,114,102,12,216
0021800096,113,125,12,238
0021800288,123,124,1,247
0021800596,107,97,10,204
0021800384,111,88,23,199
0021800112,110,91,19,201
0021800329,113,112,1,225
0021800573,121,111,10,232
0021800641,109,116,7,225
0021800078,103,105,2,208
0021801068,137,116,21,253
0021800056,110,112,2,222
0021800075,132,111,21,243
0021800624,105,122,17,227
0021801078,100,116,16,216
0021800853,148,139,9,287
0021800845,120,130,10,250
0021800081,91,113,22,204
0021800869,113,99,14,212
0021801203,116,108,8,224
0021800006,101,104,3,205
0021800152,103,118,15,221
0021801164,102,116,14,218
0021801124,99,105,6,204
0021800864,89,127,38,216
0021800494,127,129,2,256
0021800870,97,98,1,195
0021800314,112,115,3,227
0021800339,100,102,2,202
0021801073,118,126,8,244
0021800200,109,99,10,208
0021800563,107,125,18,232
0021801006,115,140,25,255
0021800595,95,114,19,209
0021801141,100,92,8,192
0021800221,96,112,16,208
0021800014,108,127,19,235
0021800065,101,95,6,196
0021800576,110,123,13,233
0021800378,104,107,3,211
0021801198,104,91,13,195
0021800489,103,111,8,214
0021800540,95,129,34,224
0021800627,95,113,18,208
0021800988,130,135,5,265
0021800474,80,90,10,170
0021800598,95,111,16,206
0021800959,96,105,9,201
0021801026,97,111,14,208
0021801143,118,109,9,227
0021801139,90,99,9,189
0021800693,87,101,14,188
0021800617,99,115,16,214
0021800448,96,123,27,219
0021800579,133,98,35,231
0021800980,112,104,8,216
0021800195,113,120,7,233
0021800510,103,111,8,214
0021800511,118,127,9,245
0021800773,112,128,16,240
0021800963,120,131,11,251
0021800415,113,93,20,206
0021800675,99,115,16,214
0021800247,113,117,4,230
0021800694,106,116,10,222
0021801131,118,98,20,216
0021800141,98,94,4,192
0021800636,97,104,7,201
0021800531,112,103,9,215
0021800926,111,104,7,215
0021801096,105,127,22,232
0021800199,89,113,24,202
0021800250,104,92,12,196
0021801054,116,107,9,223
0021800410,83,92,9,175
0021800726,101,106,5,207
0021800506,106,104,2,210
0021800214,93,138,45,231
0021800751,126,117,9,243
0021800953,113,114,1,227
0021801210,93,100,7,193
0021800375,120,133,13,253
0021800018,105,107,2,212
0021800364,113,121,8,234
0021801121,100,115,15,215
0021800009,131,112,19,243
0021800496,107,99,8,206
0021800556,98,114,16,212
0021801004,106,118,12,224
0021801015,90,100,10,190
0021800729,102,106,4,208
0021801126,85,112,27,197
0021800954,103,104,1,207
0021801215,112,103,9,215
0021800865,106,91,15,197
0021800087,103,93,10,196
0021800040,93,90,3,183
0021800264,123,95,28,218
0021800372,129,110,19,239
0021800754,124,126,2,250
0021800882,130,115,15,245
0021800099,105,108,3,213
0021800803,118,108,10,226
0021800100,112,129,17,241
0021801003,75,103,28,178
0021800379,97,107,10,204
0021800732,115,111,4,226
0021801216,109,120,11,229
0021800066,114,121,7,235
0021800231,112,132,20,244
0021800235,113,97,16,210
0021800545,111,120,9,231
0021801090,114,83,31,197
0021800090,96,115,19,211
0021800566,93,114,21,207
0021801086,111,106,5,217
0021800681,99,111,12,210
0021801172,110,108,2,218
0021800220,104,112,8,216
0021801106,144,148,4,292
0021800651,97,131,34,228
0021800416,111,126,15,237
0021800215,111,116,5,227
0021800981,91,107,16,198
0021800437,128,105,23,233
0021801010,130,113,17,243
0021800819,106,119,13,225
0021801174,118,97,21,215
0021800456,129,90,39,219
0021801034,120,129,9,249
0021800986,102,94,8,196
0021800244,88,98,10,186
0021800687,102,124,22,226
0021800914,125,116,9,241
0021800037,131,120,11,251
0021800991,120,127,7,247
0021801029,113,98,15,211
0021800443,107,104,3,211
0021800622,106,113,7,219
0021800692,104,88,16,192
0021800290,115,125,10,240
0021800120,107,105,2,212
0021801064,109,115,6,224
0021801136,108,132,24,240
0021800334,105,121,16,226
0021800051,112,126,14,238
0021800177,116,110,6,226
0021800017,120,88,32,208
0021800654,86,124,38,210
0021800742,119,132,13,251
0021801025,99,100,1,199
0021800984,105,122,17,227
0021801036,138,136,2,274
0021800740,125,111,14,236
0021800155,112,107,5,219
0021800169,124,109,15,233
0021800468,121,125,4,246
0021800705,118,91,27,209
0021800446,105,132,27,237
0021800129,96,88,8,184
0021800061,92,97,5,189
0021800426,98,109,11,207
0021800274,104,109,5,213
0021801108,116,106,10,222
0021801177,128,122,6,250
0021800447,96,121,25,217
0021800920,141,140,1,281
0021800301,108,115,7,223
0021801146,106,103,3,209
0021801186,110,123,13,233
0021800677,112,128,16,240
0021800032,136,140,4,276
0021800144,116,122,6,238
0021800245,98,104,6,202
0021800306,94,108,14,202
0021800749,113,116,3,229
0021800119,134,111,23,245
0021800312,104,125,21,229
0021800272,111,100,11,211
0021801024,100,120,20,220
0021800050,109,116,7,225
0021800102,95,107,12,202
0021800282,105,98,7,203
0021801133,115,105,10,220
0021800698,99,107,8,206
0021800918,101,110,9,211
0021800003,113,112,1,225
0021800846,111,120,9,231
0021800612,124,140,16,264
0021800838,118,120,2,238
0021800938,120,117,3,237
0021800771,113,99,14,212
0021800218,107,113,6,220
0021800358,114,112,2,226
0021800900,85,101,16,186
0021800542,108,116,8,224
0021800289,127,125,2,252
0021800868,102,106,4,208
0021801105,92,125,33,217
0021800165,105,116,11,221
0021801043,130,125,5,255
0021801193,133,128,5,261
0021800216,116,123,7,239
0021800483,101,108,7,209
0021800104,119,120,1,239
0021800711,120,122,2,242
0021800789,103,121,18,224
0021801228,95,99,4,194
0021800886,119,112,7,231
0021800370,112,90,22,202
0021800422,118,125,7,243
0021801080,119,123,4,242
0021801047,102,129,27,231
0021801148,95,90,5,185
0021800103,110,128,18,238
0021800786,125,98,27,223
0021800444,128,110,18,238
0021800476,120,90,30,210
0021800331,102,111,9,213
0021800171,112,110,2,222
0021800828,104,99,5,203
0021800964,128,95,33,223
0021800750,115,105,10,220
0021801001,101,126,25,227
0021800108,121,131,10,252
0021801038,110,88,22,198
0021800604,111,115,4,226
0021801079,89,112,23,201
0021801159,102,111,9,213
0021800795,112,127,15,239
0021800686,134,138,4,272
0021800995,116,128,12,244
0021800197,99,104,5,203
0021800252,109,127,18,236
0021800091,149,124,25,273
0021800041,106,127,21,233
0021800451,92,91,1,183
0021801007,98,103,5,201
0021801049,116,119,3,235
0021800513,96,112,16,208
0021800387,116,108,8,224
0021800778,131,115,16,246
0021801132,130,131,1,261
0021800559,112,84,28,196
0021800942,109,118,9,227
0021800987,114,112,2,226
0021800186,115,89,26,204
0021800297,108,107,1,215
0021801083,116,109,7,225
0021801208,109,113,4,222
0021801018,106,104,2,210
0021801037,116,121,5,237
201910220TOR,130,122,8,252
201910220LAC,112,102,10,214
201910230CHO,126,125,1,251
201910230IND,110,119,9,229
201910230ORL,94,85,9,179
201910230BRK,126,127,1,253
201910230MIA,120,101,19,221
201910230PHI,107,93,14,200
201910230DAL,108,100,8,208
201910230SAS,120,111,9,231
201910230UTA,100,95,5,195
201910230PHO,124,95,29,219
201910230POR,100,108,8,208
201910240DET,100,117,17,217
201910240HOU,111,117,6,228
201910240GSW,122,141,19,263
201910250BOS,112,106,6,218
201910250CHO,99,121,22,220
201910250BRK,113,109,4,222
201910250MEM,102,110,8,212
201910250NOP,116,123,7,239
201910250OKC,85,97,12,182
201910250DEN,108,107,1,215
201910250SAC,112,122,10,234
201910250LAL,95,86,9,181
201910260MIL,126,131,5,257
201910260DET,111,117,6,228
201910260ATL,103,99,4,202
201910260NYK,95,118,23,213
201910260CHI,84,108,24,192
201910260CLE,110,99,11,209
201910260HOU,126,123,3,249
201910260SAS,124,122,2,246
201910260UTA,113,81,32,194
201910260PHO,130,122,8,252
201910270OKC,120,92,28,212
201910270MEM,134,133,1,267
201910270DAL,119,121,2,240
201910270MIN,116,109,7,225
201910270LAL,120,101,19,221
201910280DET,96,94,2,190
201910280NYK,105,98,7,203
201910280ATL,103,105,2,208
201910280TOR,104,95,9,199
201910280HOU,116,112,4,228
201910280MIL,129,112,17,241
201910280NOP,123,134,11,257
201910280SAS,113,110,3,223
201910280PHO,95,96,1,191
201910280SAC,94,101,7,195
201910280LAC,111,96,15,207
201910290MIA,112,97,15,209
201910290DEN,106,109,3,215
201910290LAL,120,91,29,211
201910300CLE,117,111,6,228
201910300ORL,95,83,12,178
201910300PHI,117,95,22,212
201910300BOS,116,105,11,221
201910300BRK,108,118,10,226
201910300TOR,125,113,12,238
201910300OKC,99,102,3,201
201910300WAS,158,159,1,317
201910300SAC,111,118,7,229
201910300UTA,110,96,14,206
201910300GSW,110,121,11,231
201910310ATL,97,106,9,203
201910310NOP,122,107,15,229
201910310LAC,103,97,6,200
201911010BRK,123,116,7,239
201911010IND,102,95,7,197
201911010ORL,91,123,32,214
201911010BOS,104,102,2,206
201911010CHI,112,106,6,218
201911010DAL,110,119,9,229
201911010SAC,102,101,1,203
201911010GSW,110,127,17,237
201911020OKC,115,104,11,219
201911020DET,113,109,4,222
201911020ORL,87,91,4,178
201911020MEM,105,114,9,219
201911020MIL,115,105,10,220
201911020WAS,109,131,22,240
201911020GSW,87,93,6,180
201911020POR,128,129,1,257
201911030IND,108,95,13,203
201911030MIA,129,100,29,229
201911030NYK,92,113,21,205
201911030SAS,96,103,7,199
201911030CLE,111,131,20,242
201911030LAC,105,94,11,199
201911040WAS,115,99,16,214
201911040BRK,135,125,10,260
201911040MEM,100,107,7,207
201911040MIN,106,134,28,240
201911040PHO,114,109,5,223
201911040GSW,127,118,9,245
201911050CHO,122,120,2,242
201911050CLE,113,119,6,232
201911050ATL,108,100,8,208
201911050CHI,112,118,6,230
201911050OKC,102,94,8,196
201911050DEN,109,89,20,198
201911060DET,122,102,20,224
201911060IND,121,106,15,227
201911060ATL,93,113,20,206
201911060HOU,129,112,17,241
201911060TOR,124,120,4,244
201911060MEM,137,121,16,258
201911060DAL,107,106,1,213
201911060UTA,106,104,2,210
201911060LAC,124,129,5,253
201911070CHO,87,108,21,195
201911070SAS,121,112,9,233
201911070PHO,108,124,16,232
201911070LAC,107,101,6,208
201911080IND,112,106,6,218
201911080ORL,118,86,32,204
201911080WAS,100,113,13,213
201911080ATL,109,121,12,230
201911080MIN,125,119,6,244
201911080NOP,104,122,18,226
201911080DAL,102,106,4,208
201911080DEN,100,97,3,197
201911080UTA,103,100,3,203
201911080POR,115,119,4,234
201911080LAL,95,80,15,175
201911090SAS,115,135,20,250
201911090CHO,110,115,5,225
201911090CHI,94,117,23,211
201911090MEM,122,138,16,260
201911090OKC,114,108,6,222
201911100MIN,98,100,2,198
201911100ORL,102,109,7,211
201911100PHI,114,106,8,220
201911100OKC,119,121,2,240
201911100NYK,87,108,21,195
201911100PHO,138,112,26,250
201911100POR,124,113,11,237
201911100LAL,104,113,9,217
201911110DET,114,120,6,234
201911110BOS,116,106,10,222
201911110SAS,109,113,4,222
201911110NOP,116,122,6,238
201911110GSW,108,122,14,230
201911110LAC,98,88,10,186
201911120IND,111,85,26,196
201911120PHI,98,97,1,195
201911120MIA,117,108,9,225
201911120CHI,120,102,18,222
201911120DEN,121,125,4,246
201911120PHO,115,123,8,238
201911120UTA,119,114,5,233
201911120SAC,107,99,8,206
201911130CHO,117,119,2,236
201911130ORL,112,97,15,209
201911130BOS,140,133,7,273
201911130HOU,102,93,9,195
201911130MIN,129,114,15,243
201911130LAL,120,94,26,214
201911130POR,106,114,8,220
201911140CLE,97,108,11,205
201911140MIL,124,115,9,239
201911140NOP,132,127,5,259
201911140NYK,106,103,3,209
201911140PHO,128,112,16,240
201911140DEN,101,93,8,194
201911150CHO,109,106,3,215
201911150ORL,111,109,2,220
201911150HOU,111,102,9,213
201911150MEM,107,106,1,213
201911150MIN,116,137,21,253
201911150OKC,127,119,8,246
201911150GSW,100,105,5,205
201911150LAL,99,97,2,196
201911160CHI,111,117,6,228
201911160IND,83,102,19,185
201911160NYK,102,103,1,205
201911160MIA,109,94,15,203
201911160MIN,105,125,20,230
201911160DAL,110,102,8,212
201911160SAS,116,121,5,237
201911160LAC,150,101,49,251
201911170CLE,95,114,19,209
201911170SAC,100,99,1,199
201911170MEM,114,131,17,245
201911170ORL,125,121,4,246
201911170NOP,108,100,8,208
201911170LAL,122,101,21,223
201911180NYK,123,105,18,228
201911180BRK,86,115,29,201
201911180TOR,132,96,36,228
201911180CHI,101,115,14,216
201911180HOU,132,108,24,240
201911180DAL,117,110,7,227
201911180PHO,85,99,14,184
201911180UTA,102,112,10,214
201911180LAC,90,88,2,178
201911190MEM,95,114,19,209
201911190NOP,115,104,11,219
201911190SAC,120,116,4,236
201911190LAL,112,107,5,219
201911200PHI,109,104,5,213
201911200WAS,138,132,6,270
201911200ATL,127,135,8,262
201911200BRK,101,91,10,192
201911200DAL,142,94,48,236
201911200MIA,124,100,24,224
201911200TOR,113,97,16,210
201911200CHI,109,89,20,198
201911200MIN,95,103,8,198
201911200DEN,105,95,10,200
201911200LAC,107,104,3,211
201911210MIL,137,129,8,266
201911210PHO,121,124,3,245
201911220DET,128,103,25,231
201911220WAS,125,118,7,243
201911220BRK,116,97,19,213
201911220CHI,108,116,8,224
201911220OKC,127,130,3,257
201911220PHI,115,104,11,219
201911220DAL,143,101,42,244
201911220DEN,96,92,4,188
201911220UTA,113,109,4,222
201911220LAC,122,119,3,241
201911230MIN,98,100,2,198
201911230CHO,115,116,1,231
201911230IND,111,106,5,217
201911230ATL,116,119,3,235
201911230NYK,104,111,7,215
201911230PHI,113,86,27,199
201911230CLE,110,104,6,214
201911230MEM,108,109,1,217
201911230MIL,104,90,14,194
201911230UTA,128,120,8,248
201911240HOU,123,137,14,260
201911240NYK,101,103,2,204
201911240WAS,106,113,7,219
201911240DEN,116,104,12,220
201911240LAC,134,109,25,243
201911250CLE,106,108,2,214
201911250DET,103,88,15,191
201911250IND,126,114,12,240
201911250ATL,113,125,12,238
201911250BOS,103,102,1,205
201911250MIA,117,100,17,217
201911250TOR,101,96,5,197
201911250CHI,94,117,23,211
201911250MIL,122,118,4,240
201911250SAS,104,114,10,218
201911250GSW,97,100,3,197
201911260DAL,99,114,15,213
201911260DEN,117,104,13,221
201911270BOS,121,110,11,231
201911270CHO,102,101,1,203
201911270CLE,104,116,12,220
201911270IND,121,102,19,223
201911270PHI,97,91,6,188
201911270TOR,126,98,28,224
201911270HOU,117,108,9,225
201911270MEM,119,121,2,240
201911270MIL,111,102,9,213
201911270SAS,101,113,12,214
201911270PHO,132,140,8,272
201911270NOP,110,114,4,224
201911270POR,136,119,17,255
201911270GSW,104,90,14,194
201911290BRK,112,107,5,219
201911290DET,107,110,3,217
201911290ORL,83,90,7,173
201911290CLE,110,119,9,229
201911290NYK,95,101,6,196
201911290IND,105,104,1,209
201911290MEM,94,103,9,197
201911290MIA,122,105,17,227
201911290OKC,109,104,5,213
201911290SAS,107,97,10,204
201911290PHO,113,120,7,233
201911290POR,107,103,4,210
201911290LAL,125,103,22,228
201911300SAC,100,97,3,197
201911300PHI,119,116,3,235
201911300HOU,158,111,47,269
201911300MIL,137,96,41,233
201912010BRK,106,109,3,215
201912010MIN,107,115,8,222
201912010NYK,104,113,9,217
201912010LAL,100,114,14,214
201912010DET,132,98,34,230
201912010NOP,104,107,3,211
201912010ORL,100,96,4,196
201912010TOR,130,110,20,240
201912010LAC,150,125,25,275
201912020CHO,104,109,5,213
201912020PHI,103,94,9,197
201912020ATL,104,79,25,183
201912020MEM,104,117,13,221
201912020MIL,132,88,44,220
201912020SAC,106,113,7,219
201912030CLE,94,127,33,221
201912030WAS,120,127,7,247
201912030NOP,97,118,21,215
201912030TOR,110,121,11,231
201912030SAS,135,133,2,268
201912030DEN,96,105,9,201
201912030LAC,117,97,20,214
201912040CHO,106,91,15,197
201912040DET,103,127,24,230
201912040ORL,128,114,14,242
201912040ATL,118,130,12,248
201912040BOS,112,93,19,205
201912040CHI,106,99,7,205
201912040OKC,100,107,7,207
201912040DAL,121,114,7,235
201912040UTA,96,121,25,217
201912040POR,127,116,11,243
201912050WAS,119,113,6,232
201912050NYK,92,129,37,221
201912050TOR,109,119,10,228
201912050NOP,132,139,7,271
201912060CHO,104,111,7,215
201912060CLE,87,93,6,180
201912060DET,108,101,7,209
201912060BOS,108,95,13,203
201912060CHI,98,100,2,198
201912060MIA,112,103,9,215
201912060OKC,139,127,12,266
201912060MIL,119,91,28,210
201912060SAS,105,104,1,209
201912060POR,113,136,23,249
201912070DAL,130,84,46,214
201912070NYK,103,104,1,207
201912070PHI,141,94,47,235
201912070HOU,115,109,6,224
201912070UTA,126,112,14,238
201912080BRK,105,102,3,207
201912080CHO,107,122,15,229
201912080MIA,110,105,5,215
201912080PHI,110,104,6,214
201912080WAS,119,135,16,254
201912080DAL,106,110,4,216
201912080POR,96,108,12,204
201912080LAL,142,125,17,267
201912090IND,99,110,11,209
201912090BOS,110,88,22,198
201912090CHI,92,93,1,185
201912090HOU,118,119,1,237
201912090MIL,110,101,9,211
201912090NOP,103,105,2,208
201912090PHO,125,109,16,234
201912090UTA,90,104,14,194
201912090GSW,102,110,8,212
201912100CHO,114,107,7,221
201912100MIA,135,121,14,256
201912100PHI,97,92,5,189
201912100POR,115,87,28,202
201912110CLE,110,116,6,226
201912110IND,122,117,5,239
201912110ORL,87,96,9,183
201912110TOR,92,112,20,204
201912110BRK,108,113,5,221
201912110CHI,136,102,34,238
201912110MIN,116,127,11,243
201912110PHO,108,115,7,223
201912110MIL,127,112,15,239
201912110SAC,94,93,1,187
201912110GSW,122,124,2,246
201912120BOS,109,115,6,224
201912120SAS,109,117,8,226
201912120DET,111,122,11,233
201912120DEN,114,99,15,213
201912130MIA,110,113,3,223
201912130ORL,107,130,23,237
201912130PHI,116,109,7,225
201912130ATL,100,110,10,210
201912130CHI,73,83,10,156
201912130MEM,114,127,13,241
201912130UTA,114,106,8,220
201912130MIN,117,124,7,241
201912130SAC,101,103,2,204
201912140PHO,119,121,2,240
201912140TOR,110,102,8,212
201912140CHI,109,106,3,215
201912140MEM,128,111,17,239
201912140DAL,118,122,4,240
201912140MIL,125,108,17,233
201912140DEN,110,102,8,212
201912140HOU,107,115,8,222
201912150NOP,119,130,11,249
201912150IND,107,85,22,192
201912150ATL,96,101,5,197
201912150BRK,109,89,20,198
201912150DEN,111,105,6,216
201912150GSW,79,100,21,179
201912160DET,119,133,14,252
201912160TOR,133,113,20,246
201912160HOU,109,107,2,216
201912160MEM,118,111,7,229
201912160MIL,116,120,4,236
201912160OKC,109,106,3,215
201912160PHO,110,111,1,221
201912170CHO,110,102,8,212
201912170IND,105,102,3,207
201912170NYK,143,120,23,263
201912170NOP,101,108,7,209
201912170UTA,109,102,7,211
201912170LAC,120,99,21,219
201912180CLE,100,98,2,198
201912180DET,99,112,13,211
201912180PHI,104,108,4,212
201912180WAS,109,110,1,219
201912180MIN,99,107,8,206
201912180OKC,126,122,4,248
201912180DEN,113,104,9,217
201912180DAL,103,109,6,212
201912180POR,122,112,10,234
201912190ATL,106,111,5,217
201912190MIL,111,104,7,215
201912190SAS,118,105,13,223
201912190LAC,117,122,5,239
201912200CLE,114,107,7,221
201912200IND,119,105,14,224
201912200BOS,114,93,21,207
201912200TOR,122,118,4,240
201912200MIA,129,114,15,243
201912200OKC,126,108,18,234
201912200PHI,98,117,19,215
201912200DEN,109,100,9,209
201912200POR,118,103,15,221
201912200GSW,106,102,4,208
201912210CHO,107,114,7,221
201912210BRK,122,112,10,234
201912210DET,107,119,12,226
201912210PHI,125,108,17,233
201912210NYK,102,123,21,225
201912210MEM,119,115,4,234
201912210SAS,109,134,25,243
201912210PHO,125,139,14,264
201912210POR,113,106,7,219
201912220TOR,110,107,3,217
201912220BOS,119,93,26,212
201912220MIL,117,89,28,206
201912220OKC,118,112,6,230
201912220LAL,104,128,24,232
201912230CLE,121,118,3,239
201912230DET,109,125,16,234
201912230IND,120,115,5,235
201912230NYK,115,121,6,236
201912230ORL,103,95,8,198
201912230MIA,107,104,3,211
201912230MEM,115,145,30,260
201912230PHO,111,113,2,224
201912230POR,94,102,8,196
201912230SAC,104,113,9,217
201912230GSW,113,104,9,217
201912250TOR,102,118,16,220
201912250PHI,121,109,12,230
201912250GSW,116,104,12,220
201912250LAL,106,111,5,217
201912250DEN,100,112,12,212
201912260DET,132,102,30,234
201912260BRK,82,94,12,176
201912260DAL,102,98,4,200
201912260OKC,97,110,13,207
201912260SAC,104,105,1,209
201912260UTA,121,115,6,236
201912270BOS,129,117,12,246
201912270CHO,102,104,2,206
201912270ORL,98,97,1,195
201912270ATL,86,112,26,198
201912270MIA,113,112,1,225
201912270GSW,105,96,9,201
201912280DEN,119,110,9,229
201912280BOS,97,113,16,210
201912280NOP,120,98,22,218
201912280CHI,116,81,35,197
201912280HOU,108,98,10,206
201912280MIA,117,116,1,233
201912280MIN,88,94,6,182
201912280WAS,100,107,7,207
201912280GSW,121,141,20,262
201912280MIL,111,100,11,211
201912280SAS,136,109,27,245
201912280SAC,110,112,2,222
201912280POR,120,128,8,248
201912280LAC,107,120,13,227
201912290TOR,97,98,1,195
201912290DEN,120,115,5,235
201912290MEM,117,104,13,221
201912290NOP,127,112,15,239
201912290LAL,108,95,13,203
201912300ORL,93,101,8,194
201912300WAS,123,105,18,228
201912300CHI,102,123,21,225
201912300MIN,122,115,7,237
201912300UTA,104,81,23,185
201912300POR,116,122,6,238
201912310CHO,92,109,17,201
201912310IND,115,97,18,212
201912310SAC,87,105,18,192
201912310HOU,130,104,26,234
201912310SAS,117,113,4,230
201912310TOR,117,97,20,214
201912310OKC,106,101,5,207
202001010WAS,101,122,21,223
202001010NYK,117,93,24,210
202001010MIL,106,104,2,210
202001010LAL,117,107,10,224
202001020CLE,106,109,3,215
202001020IND,116,124,8,240
202001020MIA,84,76,8,160
202001020CHI,98,102,4,200
202001020MIN,99,84,15,183
202001020DAL,123,111,12,234
202001020SAS,103,109,6,212
202001020SAC,128,123,5,251
202001020LAC,126,112,14,238
202001030BOS,109,106,3,215
202001030ORL,105,85,20,190
202001030WAS,103,122,19,225
202001030HOU,118,108,10,226
202001030PHO,120,112,8,232
202001030LAL,123,113,10,236
202001040LAC,114,140,26,254
202001040BRK,102,121,19,223
202001040ORL,96,109,13,205
202001040ATL,116,111,5,227
202001040CLE,106,121,15,227
202001040CHI,104,111,7,215
202001040WAS,128,114,14,242
202001040DAL,120,123,3,243
202001040GSW,104,111,7,215
202001040MIL,127,118,9,245
202001040SAC,115,117,2,232
202001050LAC,135,132,3,267
202001050MIA,122,111,11,233
202001050CLE,103,118,15,221
202001050PHO,114,121,7,235
202001050LAL,106,99,7,205
202001060CHO,104,115,11,219
202001060ORL,101,89,12,190
202001060PHI,120,113,7,233
202001060WAS,99,94,5,193
202001060ATL,115,123,8,238
202001060NOP,126,128,2,254
202001060DAL,118,110,8,228
202001060SAS,126,104,22,230
202001060SAC,111,98,13,209
202001070CLE,113,115,2,228
202001070TOR,99,101,2,200
202001070BRK,103,111,8,214
202001070MEM,119,112,7,231
202001070PHO,103,114,11,217
202001070LAL,117,87,30,204
202001080BOS,114,129,15,243
202001080CHO,110,112,2,222
202001080IND,108,122,14,230
202001080ORL,123,89,34,212
202001080ATL,115,122,7,237
202001080DAL,106,107,1,213
202001080NOP,123,108,15,231
202001080UTA,128,104,24,232
202001080GSW,98,107,9,205
202001090DET,112,115,3,227
202001090PHI,109,98,11,207
202001090MIN,116,102,14,218
202001090OKC,113,92,21,205
202001100WAS,111,101,10,212
202001100NYK,111,123,12,234
202001100BRK,117,113,4,230
202001100CHI,105,116,11,221
202001100MEM,134,121,13,255
202001100PHO,98,94,4,192
202001100UTA,109,92,17,201
202001100DAL,114,129,15,243
202001100SAC,106,127,21,233
202001100LAC,109,100,9,209
202001110HOU,139,109,30,248
202001110BOS,140,105,35,245
202001110DET,99,108,9,207
202001110OKC,110,125,15,235
202001110DAL,109,91,18,200
202001110DEN,103,111,8,214
202001110POR,101,122,21,223
202001120NYK,124,121,3,245
202001120WAS,116,127,11,243
202001120BRK,108,86,22,194
202001120MEM,122,102,20,224
202001120TOR,104,105,1,209
202001120DEN,114,104,10,218
202001120PHO,100,92,8,192
202001130DET,110,117,7,227
202001130IND,101,95,6,196
202001130BOS,113,101,12,214
202001130MIN,104,117,13,221
202001130POR,115,112,3,227
202001130SAC,112,114,2,226
202001130LAL,128,99,29,227
202001140ATL,123,110,13,233
202001140BRK,107,118,11,225
202001140MEM,121,110,11,231
202001140MIL,128,102,26,230
202001140GSW,97,124,27,221
202001140LAC,128,103,25,231
202001150BOS,103,116,13,219
202001150PHI,117,106,11,223
202001150MIA,106,100,6,206
202001150CHI,115,106,9,221
202001150MIN,99,104,5,203
202001150OKC,121,130,9,251
202001150DEN,100,86,14,186
202001150HOU,107,117,10,224
202001150SAC,123,127,4,250
202001150LAL,118,119,1,237
202001160NYK,98,121,23,219
202001160MIL,128,123,5,251
202001160NOP,138,132,6,270
202001160GSW,131,134,3,265
202001160LAC,122,95,27,217
202001170IND,116,114,2,230
202001170PHI,100,89,11,189
202001170TOR,140,111,29,251
202001170MEM,113,109,4,222
202001170OKC,108,115,7,223
202001170SAS,120,121,1,241
202001170DAL,120,112,8,232
202001180NOP,130,133,3,263
202001180BRK,97,117,20,214
202001180BOS,119,123,4,242
202001180ATL,103,136,33,239
202001180NYK,87,90,3,177
202001180CHI,118,116,2,234
202001180MIN,112,122,10,234
202001180GSW,109,95,14,204
202001180HOU,115,124,9,239
202001180OKC,119,106,13,225
202001180UTA,123,101,22,224
202001190SAS,107,102,5,209
202001190DEN,107,115,8,222
202001200WAS,106,100,6,206
202001200ATL,117,122,5,239
202001200BRK,111,117,6,228
202001200CHO,83,106,23,189
202001200CLE,86,106,20,192
202001200HOU,107,112,5,219
202001200MEM,116,126,10,242
202001200MIA,118,113,5,231
202001200MIL,111,98,13,209
202001200BOS,139,107,32,246
202001200MIN,100,107,7,207
202001200PHO,118,120,2,238
202001200UTA,118,88,30,206
202001200POR,129,124,5,253
202001210DAL,107,110,3,217
202001220DET,127,106,21,233
202001220ORL,114,120,6,234
202001220TOR,107,95,12,202
202001220ATL,102,95,7,197
202001220BOS,119,95,24,214
202001220MIA,134,129,5,263
202001220NYK,92,100,8,192
202001220CHI,117,110,7,227
202001220HOU,121,105,16,226
202001220PHO,87,112,25,199
202001220NOP,117,121,4,238
202001220GSW,96,129,33,225
202001230CLE,112,124,12,236
202001230BRK,113,128,15,241
202001230POR,125,133,8,258
202001240CHO,103,116,13,219
202001240DET,112,125,13,237
202001240ORL,98,109,11,207
202001240NYK,112,118,6,230
202001240CHI,81,98,17,179
202001240MIA,117,122,5,239
202001240MIN,124,131,7,255
202001240NOP,106,113,7,219
202001240OKC,140,111,29,251
202001240SAS,99,103,4,202
202001240GSW,118,129,11,247
202001250UTA,112,107,5,219
202001250DET,111,121,10,232
202001250CLE,106,118,12,224
202001250MIN,104,113,9,217
202001250PHI,108,91,17,199
202001260DEN,117,110,7,227
202001260SAS,106,110,4,216
202001260ATL,152,133,19,285
202001260MEM,114,109,5,223
202001260NOP,123,108,15,231
202001260NYK,110,97,13,207
202001260ORL,97,112,15,209
202001260POR,139,129,10,268
202001270DET,100,115,15,215
202001270MIA,113,92,21,205
202001270CHI,110,109,1,219
202001270MIN,129,133,4,262
202001270OKC,97,107,10,204
202001270UTA,117,126,9,243
202001280CHO,97,92,5,189
202001280PHI,115,104,11,219
202001280CLE,111,125,14,236
202001280TOR,130,114,16,244
202001280MEM,104,96,8,200
202001280MIA,101,109,8,210
202001280MIL,151,131,20,282
202001280DAL,104,133,29,237
202001290IND,115,106,9,221
202001290BRK,125,115,10,240
202001290NYK,106,127,21,233
202001290SAS,127,120,7,247
202001290POR,125,112,13,237
202001290SAC,100,120,20,220
202001300CLE,109,115,6,224
202001300WAS,121,107,14,228
202001300ATL,127,117,10,244
202001300BOS,119,104,15,223
202001300DEN,106,100,6,206
202001300LAC,103,124,21,227
202001310DET,92,105,13,197
202001310BRK,133,118,15,251
202001310HOU,128,121,7,249
202001310NOP,139,111,28,250
202001310MIL,115,127,12,242
202001310PHO,107,111,4,218
202001310LAL,119,127,8,246
202002010LAC,118,106,12,224
202002010IND,85,92,7,177
202002010ORL,89,102,13,191
202002010CLE,112,131,19,243
202002010WAS,113,107,6,220
202002010BOS,116,95,21,211
202002010DAL,123,100,23,223
202002010SAS,114,90,24,204
202002010SAC,113,129,16,242
202002010POR,124,107,17,231
202002020DET,128,123,5,251
202002020HOU,117,109,8,226
202002020MIL,129,108,21,237
202002020TOR,129,102,27,231
202002030CHO,100,112,12,212
202002030CLE,134,139,5,273
202002030IND,103,112,9,215
202002030WAS,117,125,8,242
202002030ATL,115,123,8,238
202002030BRK,119,97,22,216
202002030MIA,137,106,31,243
202002030MEM,96,82,14,178
202002030SAC,113,109,4,222
202002030LAC,108,105,3,213
202002040NOP,108,120,12,228
202002040HOU,125,110,15,235
202002040DEN,127,99,28,226
202002040LAL,129,102,27,231
202002050DET,116,108,8,224
202002050BOS,116,100,16,216
202002050BRK,129,88,41,217
202002050TOR,119,118,1,237
202002050MIN,120,127,7,247
202002050OKC,109,103,6,212
202002050DAL,107,121,14,228
202002050UTA,95,98,3,193
202002050LAC,128,111,17,239
202002060NYK,105,103,2,208
202002060CHI,119,125,6,244
202002060MIL,112,101,11,213
202002060POR,125,117,8,242
202002060LAL,111,121,10,232
202002070PHI,119,107,12,226
202002070WAS,119,118,1,237
202002070BOS,112,107,5,219
202002070IND,106,115,9,221
202002070OKC,108,101,7,209
202002070PHO,127,91,36,218
202002070SAC,105,97,8,202
202002070UTA,117,114,3,231
202002080ORL,95,111,16,206
202002080CHO,100,116,16,216
202002080DET,92,95,3,187
202002080IND,117,124,7,241
202002080TOR,119,118,1,237
202002080MIN,142,115,27,257
202002080GSW,120,125,5,245
202002080PHO,108,117,9,225
202002080SAC,122,102,20,224
202002090OKC,111,112,1,223
202002090ATL,140,135,5,275
202002090PHI,118,111,7,229
202002090WAS,99,106,7,205
202002090HOU,113,114,1,227
202002090CLE,92,133,41,225
202002090POR,115,109,6,224
202002100DET,76,87,11,163
202002100IND,105,106,1,211
202002100ORL,135,126,9,261
202002100TOR,137,126,11,263
202002100MIL,123,111,12,234
202002100DAL,119,123,4,242
202002100DEN,127,120,7,247
202002100GSW,101,113,12,214
202002100LAL,125,100,25,225
202002110PHI,110,103,7,213
202002110WAS,126,114,12,240
202002110NOP,138,117,21,255
202002110OKC,106,114,8,220
202002110HOU,116,105,11,221
202002120CLE,127,105,22,232
202002120ORL,116,112,4,228
202002120BRK,101,91,10,192
202002120IND,118,111,7,229
202002120NYK,96,114,18,210
202002120MEM,111,104,7,215
202002120MIN,108,115,7,223
202002120DAL,130,111,19,241
202002120PHO,112,106,6,218
202002120UTA,116,101,15,217
202002120DEN,116,120,4,236
202002130BOS,141,133,8,274
202002130NOP,118,123,5,241
202002200DET,106,126,20,232
202002200ATL,129,124,5,253
202002200CHI,93,103,10,196
202002200PHI,112,104,8,216
202002200SAC,129,125,4,254
202002200GSW,105,135,30,240
202002210ORL,106,122,16,228
202002210WAS,108,113,5,221
202002210NYK,98,106,8,204
202002210TOR,118,101,17,219
202002210MIN,117,127,10,244
202002210OKC,113,101,12,214
202002210UTA,104,113,9,217
202002210LAL,117,105,12,222
202002210POR,115,128,13,243
202002220LAC,103,112,9,215
202002220CHO,86,115,29,201
202002220ATL,111,107,4,218
202002220CHI,104,112,8,216
202002220MIA,124,105,19,229
202002220MIL,119,98,21,217
202002220UTA,110,120,10,230
202002230LAL,114,112,2,226
202002230DEN,128,116,12,244
202002230TOR,127,81,46,208
202002230CHI,126,117,9,243
202002230OKC,131,103,28,234
202002230GSW,101,115,14,216
202002230POR,107,104,3,211
202002240CLE,125,119,6,244
202002240PHI,129,112,17,241
202002240WAS,134,137,3,271
202002240BRK,113,115,2,228
202002240HOU,123,112,11,235
202002240DAL,139,123,16,262
202002240UTA,111,131,20,242
202002240LAC,124,97,27,221
202002250IND,119,80,39,199
202002250TOR,97,108,11,205
202002250CHI,122,124,2,246
202002250DEN,115,98,17,213
202002250LAL,118,109,9,227
202002250POR,106,118,12,224
202002250GSW,94,112,18,206
202002260CHO,107,101,6,208
202002260CLE,108,94,14,202
202002260WAS,110,106,4,216
202002260ATL,120,130,10,250
202002260MIA,126,129,3,255
202002260HOU,140,112,28,252
202002260SAS,103,109,6,212
202002260PHO,92,102,10,194
202002260UTA,103,114,11,217
202002270PHI,115,106,9,221
202002270IND,106,100,6,206
202002270OKC,112,108,4,220
202002270GSW,86,116,30,202
202002280ORL,136,125,11,261
202002280ATL,141,118,23,259
202002280TOR,96,99,3,195
202002280MEM,101,104,3,205
202002280MIA,126,118,8,244
202002280MIL,133,86,47,219
202002280NOP,116,104,12,220
202002280PHO,111,113,2,224
202002280UTA,129,119,10,248
202002280LAC,132,103,29,235
202002290NYK,125,115,10,240
202002290ATL,129,117,12,246
202002290MIA,116,113,3,229
202002290CLE,104,113,9,217
202002290MEM,105,88,17,193
202002290BOS,110,111,1,221
202002290SAS,114,113,1,227
202002290PHO,99,115,16,214
202003010CHO,85,93,8,178
202003010LAC,136,130,6,266
202003010MIN,91,111,20,202
202003010DEN,133,118,15,251
202003010SAC,106,100,6,206
202003010NOP,114,122,8,236
202003010GSW,110,124,14,234
202003020CLE,113,126,13,239
202003020NYK,125,123,2,248
202003020ORL,107,130,23,237
202003020ATL,88,127,39,215
202003020MIA,105,89,16,194
202003020CHI,109,107,2,216
202003020SAS,111,116,5,227
202003030CHO,103,104,1,207
202003030BOS,120,129,9,249
202003030NOP,134,139,5,273
202003030OKC,94,109,15,203
202003030DEN,100,116,16,216
202003030PHO,114,123,9,237
202003030LAL,120,107,13,227
202003030SAC,133,126,7,259
202003040CLE,106,112,6,218
202003040DET,107,114,7,221
202003040MIL,119,100,19,219
202003040BRK,79,118,39,197
202003040MIA,116,113,3,229
202003040NYK,104,112,8,216
202003040MIN,115,108,7,223
202003040DAL,127,123,4,250
202003040POR,125,104,21,229
202003050CHO,112,114,2,226
202003050HOU,105,120,15,225
202003050SAC,108,125,17,233
202003050GSW,113,121,8,234
202003060WAS,118,112,6,230
202003060BRK,139,120,19,259
202003060NYK,103,126,23,229
202003060BOS,94,99,5,193
202003060CHI,102,108,6,210
202003060MIN,118,132,14,250
202003060NOP,110,104,6,214
202003060DAL,121,96,25,217
202003060PHO,127,117,10,244
202003060LAL,113,103,10,216
202003070CHO,108,99,9,207
202003070DET,105,111,6,216
202003070CLE,104,102,2,206
202003070MEM,118,101,17,219
202003070GSW,118,114,4,232
202003070POR,111,123,12,234
202003080BRK,110,107,3,217
202003080LAC,103,112,9,215
202003080MIN,107,120,13,227
202003080BOS,104,105,1,209
202003080PHO,140,131,9,271
202003080DAL,109,112,3,221
202003080HOU,106,126,20,232
202003080WAS,89,100,11,189
202003080CLE,132,129,3,261
202003080NYK,96,84,12,180
202003080SAC,113,118,5,231
202003090ATL,143,138,5,281
202003090DEN,109,95,14,204
202003090UTA,92,101,9,193
202003100IND,111,114,3,225
202003100WAS,122,115,7,237
202003100CHI,108,103,5,211
202003100HOU,117,111,6,228
202003100MEM,115,120,5,235
202003100SAS,119,109,10,228
202003100POR,121,105,16,226
202003100GSW,107,131,24,238
202003100LAL,102,104,2,206
202003110PHI,124,106,18,230
202003110ATL,131,136,5,267
202003110MIA,98,109,11,207
202003110DAL,113,97,16,210
